1810612066 1 64
1810612066 2 100
1810612066 3 67
1810612066 4 75
1811111004 1 82
1811111004 2 100
1811111004 3 67
1811111004 4 100
2120823078 2 33
2130516001 1 55
2130516003 1 100
2130516003 2 100
2130516003 3 67
2130516003 4 100
2130516004 1 73
2130516004 2 67
2130516004 3 100
2130516004 4 100
2130516005 1 100
2130516005 2 100
2130516005 3 100
2130516005 4 100
2130516007 1 100
2130516007 2 67
2130516007 3 100
2130516007 4 100
2130516009 1 91
2130516009 2 67
2130516009 3 100
2130516009 4 100
2130516010 1 100
2130516011 1 55
2130516011 2 100
2130516011 3 100
2130516011 4 75
2130516013 1 100
2130516013 2 100
2130516013 3 100
2130516014 1 64
2130516014 2 100
2130516014 3 100
2130516014 4 100
2130516015 1 82
2130516015 2 100
2130516015 3 100
2130516015 4 75
2130516016 1 64
2130516016 2 100
2130516016 3 67
2130516016 4 75
2130516017 1 91
2130516017 2 67
2130516017 3 100
2130516017 4 50
2130516018 1 100
2130516018 2 100
2130516018 3 67
2130516018 4 75
2130516019 1 91
2130516019 2 67
2130516019 3 100
2130516019 4 50
2130516020 1 64
2130516020 2 67
2130516020 3 100
2130516020 4 75
2130516022 1 55
2130516022 2 67
2130516022 3 33
2130516022 4 75
2130516023 1 82
2130516023 2 67
2130516023 3 67
2130516023 4 100
2130516026 1 73
2130516026 2 100
2130516026 3 100
2130516026 4 50
2130516029 1 36
2130516029 2 100
2130516029 3 100
2130516029 4 100
2130516030 1 64
2130516030 2 67
2130516030 3 67
2130516030 4 50
2130516032 1 73
2130516032 2 100
2130516032 3 100
2130516032 4 100
2130516033 1 100
2130516033 2 100
2130516033 3 100
2130516033 4 75
2130516035 1 100
2130516035 2 100
2130516035 3 67
2130516035 4 50
2130516036 3 100
2130516036 4 50
2130516037 1 91
2130516037 2 100
2130516037 3 100
2130516037 4 100
2130516038 1 91
2130516038 2 100
2130516038 3 100
2130516038 4 100
2130516039 1 82
2130516039 3 100
2130516039 4 50
2130516040 1 82
2130516040 3 100
2130516040 4 50
2130516041 1 100
2130516041 2 100
2130516041 3 100
2130516041 4 50
2130516043 1 91
2130516043 2 100
2130516043 3 100
2130516043 4 75
213061200 1 82
2130612001 1 100
2130612001 2 100
2130612001 3 100
2130612001 4 75
2130612004 1 100
2130612004 2 100
2130612004 3 100
2130612004 4 75
2130612005 1 91
2130612005 2 100
2130612005 3 67
2130612005 4 75
2130612006 3 0
2130612006 4 25
2130612008 1 100
2130612008 2 100
2130612008 3 100
2130612008 4 100
2130612009 1 55
2130612010 1 91
2130612010 2 67
2130612010 3 33
2130612010 4 75
2130612011 1 55
2130612011 2 67
2130612011 3 100
2130612011 4 75
2130612012 3 33
2130612012 4 25
2130612014 1 64
2130612015 1 91
2130612015 2 100
2130612015 3 100
2130612015 4 100
2130612017 1 73
2130612017 2 33
2130612017 3 100
2130612018 1 100
2130612018 2 100
2130612018 3 67
2130612018 4 75
2130612019 1 91
2130612019 2 100
2130612019 3 100
2130612019 4 100
2130612021 1 82
2130612021 2 0
2130612021 3 67
2130612021 4 75
2130612022 1 82
2130612022 2 100
2130612022 3 100
2130612023 1 91
2130612023 2 100
2130612023 3 67
2130612023 4 100
2130612024 1 100
2130612025 1 0
2130612025 2 100
2130612025 3 100
2130612026 1 64
2130612026 2 67
2130612026 3 67
2130612029 1 100
2130612029 2 100
2130612029 3 100
2130612029 4 25
2130612031 1 73
2130612031 2 100
2130612031 3 67
2130612031 4 75
2130612033 1 45
2130612033 2 100
2130612034 1 91
2130612034 2 33
2130612034 3 100
2130612034 4 50
2130612035 1 18
2130612035 2 100
2130612035 3 67
2130612035 4 25
2130612036 1 73
2130612036 2 100
2130612036 3 100
2130612036 4 100
2130612038 1 55
2130612038 2 100
2130612038 3 100
2130612038 4 75
2130612039 1 100
2130612039 2 67
2130612039 3 100
2130612039 4 100
2130612041 1 100
2130612041 2 100
2130612041 3 100
2130612041 4 100
2130612042 3 100
2130612042 4 100
2130612043 1 64
2130612043 2 67
2130612043 3 33
2130612043 4 100
2130612045 1 100
2130612045 2 100
2130612045 3 100
2130612045 4 100
2130616046 2 100
2130619001 1 64
2130619001 3 100
2130619001 4 100
2130619002 1 91
2130619002 2 100
2130619002 3 100
2130619002 4 100
2130619005 1 91
2130619005 2 33
2130619005 3 100
2130619005 4 100
2130619008 1 91
2130619008 2 100
2130619008 3 67
2130619008 4 100
2130619011 3 100
2130619012 1 73
2130619012 3 100
2130619012 4 75
2130619013 1 91
2130619013 2 100
2130619013 4 75
2130619014 1 91
2130619014 2 67
2130619014 3 67
2130619014 4 25
2130619018 3 100
2130619018 4 100
2130619019 1 91
2130619019 2 100
2130619021 1 64
2130619021 2 100
2130619021 3 67
2130619021 4 50
2130619022 1 91
2130619022 2 100
2130619022 3 100
2130619024 3 100
2130619024 4 50
2130619025 2 100
2130619025 3 100
2130619026 1 73
2130619028 2 100
2130619028 3 100
2130619028 4 100
2130619029 3 100
2130619029 4 50
2130619030 1 91
2130619030 2 33
2130619030 3 33
2130619030 4 100
2130619031 1 64
2130619031 2 100
2130619031 3 100
2130619031 4 75
2130619032 3 67
2130619032 4 25
2130619033 1 73
2130619033 2 100
2130619034 1 45
2130619034 3 100
2130619034 4 100
2130619035 1 91
2130619035 3 100
2130619035 4 50
2130619038 1 82
2130619038 2 67
2130619038 3 67
2130619038 4 100
2130619039 1 91
2130619039 3 100
2130619039 4 0
2130619041 3 33
2130619041 4 50
2130619042 1 91
2130619042 2 67
2130619042 3 33
2130619042 4 100
2130619043 1 82
2130619043 2 67
2130619043 3 100
2130619043 4 75
2130619045 1 91
2130619045 2 100
2130619045 3 100
2130619045 4 100
2130619046 1 82
2130619046 3 100
2130619046 4 75
2130619047 1 64
2130619047 2 67
2130619047 3 100
2130619047 4 75
2130619048 1 45
2130619048 2 67
2130619048 3 100
2130619048 4 75
2130619049 1 82
2130619049 2 100
2130619049 3 100
2130619049 4 75
2130619050 1 82
2130619050 2 100
2130619050 3 33
2130619050 4 50
2130619052 1 91
2130619052 2 33
2130619052 3 67
2130619052 4 50
2130619053 1 91
2130619053 2 67
2130619053 3 100
2130619053 4 100
2130619056 1 64
2130619056 2 100
2130619056 3 100
2130619056 4 25
2130619057 3 100
2130619057 4 50
2130619058 1 91
2130619058 2 100
2130619058 3 100
2130619058 4 75
2130619059 1 91
2130619059 2 100
2130619059 3 100
2130619059 4 75
2130619060 1 100
2130619060 2 100
2130619060 3 67
2130619060 4 100
2130619061 1 45
2130619061 2 100
2130619061 3 100
2130619061 4 100
2130619062 1 73
2130619062 2 100
2130619062 3 100
2130619062 4 75
2130619064 1 91
2130619064 2 33
2130619065 1 82
2130619065 2 67
2130619065 3 100
2130619065 4 75
2130619067 1 45
2130619067 2 67
2130619067 3 100
2130619067 4 75
2130619068 1 73
2130619068 2 100
2130619068 3 33
2130619068 4 50
2130619069 1 91
2130619069 2 100
2130619069 3 100
2130619069 4 75
2130619070 1 64
2130619070 2 67
2130619070 3 67
2130619070 4 50
2130619071 1 73
2130619071 2 67
2130619071 3 0
2130619071 4 75
2130619072 1 82
2130619072 2 100
2130619072 3 100
2130619072 4 75
2130619073 1 91
2130619073 2 100
2130619073 3 100
2130619073 4 75
2130619074 1 100
2130619074 2 100
2130619074 3 100
2130619074 4 75
2130619075 1 91
2130619075 2 100
2130619075 3 100
2130619075 4 75
2130619076 1 82
2130619076 2 100
2130619076 3 67
2130619076 4 75
2130619078 3 67
2130619078 4 75
2130619079 1 73
2130619079 2 100
2130619079 3 33
2130619079 4 75
2130619081 1 82
2130619081 2 67
2130619081 3 100
2130619081 4 100
2130619082 1 91
2130619082 2 33
2130619082 3 100
2130619084 1 100
2130619084 2 100
2130619084 3 100
2130619084 4 75
2130619086 1 82
2130619086 2 100
2130619086 3 33
2130619086 4 75
2130619087 1 91
2130619087 2 100
2130619087 3 67
2130619087 4 50
2130619088 1 91
2130619088 2 100
2130619088 3 100
2130619088 4 75
2130619089 2 67
2130619089 3 100
2130619089 4 100
2130619090 1 82
2130619090 2 100
2130619090 3 100
2130619090 4 75
2130619091 1 45
2130619091 2 100
2130619091 3 67
2130619091 4 50
2130621001 1 73
2130621002 1 91
2130621002 2 67
2130621002 3 67
2130621002 4 50
2130621005 1 100
2130621005 2 100
2130621005 3 100
2130621005 4 25
2130621006 1 100
2130621006 2 100
2130621006 3 100
2130621006 4 75
2130621007 1 100
2130621007 3 100
2130621007 4 75
2130621011 1 55
2130621011 2 67
2130621011 3 33
2130621011 4 25
2130621013 1 100
2130621013 2 100
2130621013 3 100
2130621013 4 50
2130621019 1 82
2130621019 2 100
2130621019 3 100
2130621020 3 67
2130621020 4 75
2130621021 1 91
2130621021 2 100
2130621021 3 100
2130621021 4 50
2130621022 1 100
2130621022 2 100
2130621022 3 67
2130621022 4 100
2130621023 1 100
2130621023 2 0
2130621023 3 100
2130621023 4 75
2130621025 1 100
2130621025 3 100
2130621025 4 75
2130621026 1 82
2130621032 1 100
2130621032 2 100
2130621032 3 100
2130621033 1 100
2130621033 2 100
2130621033 3 100
2130621033 4 75
2130621034 1 100
2130621034 2 100
2130621034 3 100
2130621036 1 82
2130621036 2 100
2130621036 3 100
2130621036 4 75
2130621037 3 100
2130621037 4 25
2130621038 1 91
2130621038 2 0
2130621038 3 33
2130621038 4 25
2130621041 1 100
2130621041 2 100
2130621041 3 100
2130621042 1 55
2130621042 2 100
2130621042 3 33
2130621042 4 50
2130621043 1 91
2130621043 2 100
2130621043 3 67
2130621043 4 100
2130621044 1 55
2130621044 2 67
2130621044 3 67
2130621044 4 50
2130621046 1 82
2130621046 3 100
2130621046 4 100
2130621048 1 64
2130621048 2 100
2130621048 3 100
2130621048 4 100
2130621049 1 91
2130621049 2 100
2130621049 3 67
2130621049 4 100
2130621050 1 100
2130621050 2 100
2130621050 3 100
2130621050 4 75
2130621051 3 100
2130621051 4 100
2130621052 1 82
2130621052 2 100
2130621052 3 100
2130621052 4 100
2130621054 1 82
2130621054 3 100
2130621054 4 100
2130621055 1 55
2130621055 3 100
2130621055 4 25
2130621056 1 100
2130621056 2 100
2130621056 3 100
2130621056 4 100
2130621057 1 100
2130621057 2 100
2130621057 3 100
2130621058 1 82
2130621059 1 100
2130621059 2 67
2130621059 3 100
2130621060 1 73
2130621060 2 100
2130621060 3 100
2130621060 4 25
2130621062 1 100
2130621062 2 100
2130621062 3 100
2130621062 4 100
2130621063 1 73
2130621063 2 100
2130621063 3 100
2130621063 4 75
2130621064 1 64
2130621064 2 100
2130621064 3 67
2130621064 4 100
2130621065 1 82
2130621066 1 100
2130621066 2 100
2130621066 3 100
2130621068 1 100
2130621068 2 100
2130621068 3 100
2130621068 4 100
2130621069 1 0
2130621069 2 100
2130621070 1 100
2130621070 3 100
2130621070 4 25
2130621071 1 100
2130621071 2 100
2130621071 3 100
2130621071 4 100
2130621072 1 100
2130621072 2 100
2130621072 3 67
2130621072 4 75
2130621073 3 100
2130621073 4 0
2130621076 2 100
2130621076 3 100
2130621076 4 100
2130621077 1 73
2130621077 2 100
2130621077 3 67
2130621077 4 100
2130621078 1 100
2130621078 2 100
2130621078 3 100
2130621078 4 75
2130621079 3 100
2130621079 4 25
2130621080 1 45
2130621080 2 33
2130621080 3 100
2130621081 3 67
2130621081 4 100
2130621082 1 73
2130621082 2 33
2130621082 3 100
2130621084 3 100
2130621084 4 50
2130621085 1 82
2130621085 2 100
2130621085 3 100
2130621085 4 100
2130621086 1 100
2130621086 2 100
2130621086 3 100
2130621086 4 100
2130621087 1 100
2130621087 2 100
2130621087 3 100
2130621087 4 100
2130621088 1 100
2130621088 2 100
2130621088 3 100
2130621088 4 75
2130621089 1 64
2130621089 2 33
2130621089 3 67
2130621089 4 100
2130621090 1 73
2130621090 2 100
2130621090 3 100
2130621090 4 75
2130621091 1 64
2130621091 2 67
2130621091 3 100
2130621091 4 100
2130621093 1 36
2130621093 3 33
2130621093 4 25
213062146 2 100
2130722083 1 0
2130722083 2 33
2130722083 3 100
2130724022 1 91
2130724022 2 100
2130724022 3 100
2130724022 4 100
2130726063 1 64
2130823004 1 91
2130823004 2 67
2130823004 3 67
2130823004 4 75
2130823006 1 27
2130823006 2 67
2130823006 3 33
2130823006 4 50
2130823007 1 91
2130823007 2 100
2130823007 3 67
2130823007 4 100
2130823008 3 67
2130823008 4 25
2130823009 3 100
2130823009 4 100
2130823010 1 100
2130823010 2 100
2130823010 3 33
2130823010 4 100
2130823011 3 100
2130823011 4 75
2130823013 3 33
2130823014 3 100
2130823014 4 50
2130823015 1 91
2130823015 2 33
2130823015 3 0
2130823015 4 25
2130823016 1 9
2130823017 1 91
2130823017 2 67
2130823017 3 67
2130823018 1 91
2130823018 3 100
2130823018 4 75
2130823019 1 73
2130823019 2 67
2130823019 3 100
2130823019 4 100
2130823020 1 55
2130823020 2 33
2130823020 3 33
2130823020 4 100
2130823022 1 91
2130823022 2 100
2130823022 3 67
2130823022 4 75
2130823023 1 64
2130823023 2 33
2130823023 3 67
2130823023 4 75
2130823025 1 82
2130823025 2 100
2130823025 3 100
2130823025 4 75
2130823026 1 55
2130823026 2 67
2130823026 3 67
2130823026 4 75
2130823028 1 82
2130823028 2 100
2130823028 3 67
2130823028 4 100
2130823029 1 100
2130823029 2 67
2130823029 3 100
2130823029 4 100
2130823030 1 64
2130823030 2 67
2130823030 3 100
2130823030 4 100
2130823031 1 64
2130823031 2 67
2130823031 3 33
2130823031 4 25
2130823032 1 73
2130823034 1 55
2130823034 3 33
2130823034 4 25
2130823040 1 45
2130823040 2 33
2130823040 3 100
2130823040 4 75
2130823041 4 50
2130823043 1 100
2130823043 3 100
2130823043 4 75
2130823044 1 91
2130823044 2 100
2130823044 3 67
2130823044 4 50
2130823047 1 73
2130823047 2 67
2130823047 3 100
2130823047 4 75
2130823048 1 91
2130823048 2 67
2130823048 3 100
2130823048 4 100
2130823049 1 100
2130823049 3 100
2130823051 1 64
2130823051 2 67
2130823051 3 67
2130823051 4 100
2130823052 1 91
2130823052 2 100
2130823054 1 91
2130823054 3 100
2130823056 1 91
2130823058 1 40
2130823058 2 100
2130823058 3 67
2130823058 4 75
2130823059 3 100
2130823059 4 100
2130823060 3 100
2130823060 4 75
2130823061 1 91
2130823061 3 100
2130823061 4 75
2130823063 1 82
2130823063 2 33
2130823063 3 100
2130823063 4 75
2130823064 1 73
2130823064 3 67
2130823064 4 25
2130823065 1 91
2130823065 2 67
2130823065 3 67
2130823065 4 75
2130823066 1 82
2130823069 1 73
2130823069 2 33
2130823069 3 33
2130823069 4 100
2130823077 1 91
2130823077 2 100
2130823077 3 100
2130823077 4 75
2130823078 1 73
2130823078 3 33
2130823078 4 100
2130823079 1 64
2130823079 3 33
2130823079 4 25
2130823081 1 0
2130823081 2 100
2130823081 3 0
2130823081 4 0
2130823084 1 27
2130823084 2 33
2130823084 3 33
2130823084 4 50
21308230841 3 33
2130823087 1 73
2130823087 2 0
2130823087 3 33
2130823087 4 100
2130823089 3 100
2130823089 4 100
2131026046 3 100
2131026046 4 75
213619042 3 67
213619089 1 100
2138621059 3 100
2140615002 1 55
2140615002 2 100
2140615002 3 100
2140615002 4 100
2140615002 5 71
2140615003 1 45
2140615003 2 0
2140615003 3 67
2140615003 4 25
2140615003 5 43
2140615005 1 100
2140615005 2 100
2140615005 4 100
2140615005 5 100
2140615006 1 82
2140615006 2 33
2140615006 3 100
2140615006 4 75
2140615006 5 71
2140615007 1 64
2140615007 2 100
2140615007 3 100
2140615007 4 100
2140615007 5 71
2140615009 5 100
2140615010 1 73
2140615010 2 100
2140615010 3 100
2140615010 4 75
2140615010 5 86
2140615011 1 73
2140615011 2 0
2140615011 3 100
2140615011 4 100
2140615011 5 43
2140615012 1 100
2140615012 2 67
2140615012 4 100
2140615012 5 100
2140615014 1 73
2140615014 2 33
2140615014 3 33
2140615014 4 100
2140615014 5 57
2140615016 1 64
2140615016 3 100
2140615016 4 100
2140615016 5 100
2140615017 1 82
2140615017 2 67
2140615017 3 67
2140615017 4 100
2140615017 5 86
2140615020 1 100
2140615020 2 100
2140615020 3 100
2140615020 4 100
2140615020 5 100
2140615022 1 55
2140615022 2 100
2140615022 3 67
2140615022 4 50
2140615022 5 29
2140615024 1 73
2140615024 2 100
2140615024 3 100
2140615024 4 75
2140615024 5 100
2140615027 1 100
2140615027 2 100
2140615027 3 100
2140615027 4 100
2140615027 5 100
2140615028 1 100
2140615028 2 100
2140615028 3 100
2140615028 4 100
2140615028 5 100
2140615030 3 100
2140615030 4 75
2140615030 5 86
2140615031 1 82
2140615031 2 100
2140615031 3 100
2140615031 4 100
2140615031 5 100
2140615032 1 82
2140615032 2 100
2140615032 3 100
2140615032 4 100
2140615032 5 100
2140615033 1 73
2140615033 3 100
2140615033 4 75
2140615033 5 100
2140615034 1 73
2140615034 2 0
2140615034 3 100
2140615034 4 75
2140615034 5 71
2140615035 1 100
2140615035 2 100
2140615035 3 100
2140615035 4 100
2140615035 5 100
2140615036 2 67
2140615036 3 100
2140615036 4 25
2140615036 5 71
2140615037 1 100
2140615037 2 67
2140615037 3 33
2140615037 4 100
2140615037 5 71
2140615038 1 55
2140615038 2 33
2140615038 3 0
2140615038 4 75
2140615038 5 43
2140615039 1 100
2140615039 2 100
2140615039 3 100
2140615039 4 100
2140615039 5 100
2140615040 1 100
2140615040 2 67
2140615040 3 100
2140615040 4 100
2140615040 5 100
2140615041 1 73
2140615041 2 0
2140615041 3 67
2140615041 4 75
2140615041 5 86
2140615042 1 64
2140615042 4 50
2140615042 5 100
2140615044 1 73
2140615044 2 0
2140615044 3 100
2140615044 4 100
2140615044 5 86
2140615045 1 100
2140615045 2 67
2140615045 3 100
2140615045 4 100
2140615045 5 57
2140615046 1 91
2140615046 2 0
2140615046 3 100
2140615046 4 100
2140615046 5 100
2140615047 1 64
2140615047 2 100
2140615047 3 100
2140615047 4 100
2140615047 5 100
2140615049 1 100
2140615049 2 67
2140615049 3 100
2140615049 4 100
2140615049 5 100
2140615050 1 100
2140615050 2 100
2140615050 3 100
2140615050 4 100
2140615050 5 100
2140615402 2 33
2140615402 3 67
2140621025 2 100
21406615016 2 100
2141327042 1 73
2141327042 2 33
2141327042 3 100
2141327042 4 25
2141327042 5 100
2149615012 3 100
21制造2班 4 100
