1811111004 王士语 21数据2 100 59 100 100 100
2030520019 曾哲恒 20土木1 -1 98 100 100.90 100
2130724022 农艳莹 21数据2 100 100 100.95
2130724028 卢月艳 21数据2 100 100 100
2130726063 谭贵育 21数据1 90 100 100
2130823001 曾勇 21数据1 80 100 100
2130823002 管庆胜 21数据1 99 100 100 100.100
2130823003 何建壮 21数据1 80 100 80
2130823004 钟琴凤 21数据1 100 100 100 100.90
2130823005 孙高婷 21数据1 100 95 100 100.95 100
2130823006 王作杰 21数据1 80 100 100
2130823007 朱俊琏 21数据1 100 80 90 100.100 100.100 100
2130823008 黄祖纯 21数据1 100 95 100
2130823009 黎锦娴 21数据1 80 95 80 100
2130823010 程燊梅 21数据1 80 80 95.90 99 100.90
2130823011 温舒婷 21数据1 90 100 100.95 100.90
2130823012 崔德培 21数据1 100 74
2130823013 黄子明 21数据1 80 88
2130823014 刘方媛 21数据1 100 100 95.90
2130823015 林宝胜 21数据1 100 100 90 100
2130823016 陈东成 21数据1 100 100 100
2130823017 黄敏芳 21数据1 70 100 100 100 100 100
2130823018 兰羽柔 21数据1 80 99 100 100.95 100
2130823019 黄璇 21数据1 100 100 100 100.95 100
2130823020 林恩宇 21数据1 60 100 100
2130823021 赖钰忠 21数据1 100 95 100 100 100 60
2130823022 黄文琦 21数据1 100 100 100
2130823023 陈柔欣 21数据1 100 100 100 100
2130823024 潘丽珍 21数据1
2130823025 杨丽琳 21数据1 100 100 100 100.95 100
2130823026 黎娜 21数据1 90 90 100 100
2130823027 杨超 21数据1 80 100
2130823028 梁雪伶 21数据1 100 100 100.90 100.95 100
2130823029 甘英美 21数据1 100 100 100.90 100
2130823030 黄钰婷 21数据1 95 100 0 100 100.90
2130823031 梁婉婷 21数据1 100 95 100 90 100
2130823032 陈航源 21数据1 100 90 100
2130823033 关耀华 21数据1 100 100 100
2130823034 黄莫靖 21数据1 80 100 100
2130823035 韦秀 21数据1 100 95 100 100 100
2130823036 石雨欣 21数据1 100 99 100 100.90
2130823037 农舒淇 21数据1 100 100 100 100 100
2130823038 薛清玉 21数据1 100 100 100 100.95 100.100 100
2130823039 杨紫恒 21数据1 100 95 99
2130823040 马欣宇 21数据1 99 100 100
2130823041 钟月葵 21数据1 100 100 100.95 100 100
2130823042 许崇志 21数据1 80 100
2130823043 谭慧琳 21数据1 80 78 100 100 100
2130823044 张婷玉 21数据1 100 80 100.100 100
2130823045 王荣旺 21数据1 100 99 100
2130823046 磨朗 21数据1 100 80 100 100
2130823047 张桂英 21数据2 100 95 100 100
2130823048 陈麓伊 21数据2 80 100 100 100 100
2130823049 唐欣欣 21数据2 100 99 100.95 100
2130823050 伍瑜德 21数据2 100 90 100 82
2130823051 丘心宇 21数据2 89 100 100 100
2130823052 黄丹莉 21数据2 90 100 100 100 100.95
2130823053 黄浩文 21数据2
2130823054 骆秋英 21数据2 80 95 100 100 100 100.95
2130823055 蒋源 21数据2 100 95 99 100
2130823056 蒙柳琴 21数据2 100 100 100 100
2130823057 胡志萍 21数据2 90 100
2130823058 何炯彩 21数据2 80 94 40.80 80
2130823059 韦薇 21数据2 80 89 100
2130823060 刘孔月 21数据2 90 95 100 100
2130823061 梁婧桦 21数据2 100 100 100 100.95 100
2130823062 李昌荣 21数据2 60 95 100 100
2130823063 崔霖 21数据2 100 100 100 100
2130823064 覃松梅 21数据2 80 100 100 80
2130823065 易绣文 21数据2 100 90 100 100 100
2130823066 梁雨婷 21数据2 80 95 100 100.90
2130823067 梁展玮 21数据2 100 99 100 100.90
2130823068 庞家良 21数据2 100 87 95 100
2130823069 凌志涛 21数据2 100 56 100 100
2130823070 郑裕炫 21数据2 70 98 100 99
2130823073 刘日鹏 21数据2 100 75 100.95
2130823074 李家欣 21数据2 100 98 80.90 100.100
2130823076 欧纪乾 21数据2 100 95 100.90
2130823077 胡丽娜 21数据2 100 100 100.90 100
2130823078 黄倚绣 21数据2 80 100 100 100
2130823079 罗德菊 21数据2 100 100 100 100.90 100
2130823080 韦彩英 21数据2 90 95 100 100.95
2130823081 张茜茜 21数据2 80 95 100 100 100 100
2130823082 黄丽宁 21数据2 80 100 80 80.100
2130823083 黄天宇 21数据2 100 51 100
2130823084 邹海明 21数据2 100 90 100 100
2130823085 李荣健 21数据2 100 57 100
2130823086 罗光鑫 21数据2 100 100 100 100
2130823087 黄佳 21数据2 80 94 100 100
2130823088 吕斌荣 21数据2 100 100 90 90
2130823089 罗嘉明 21数据2 70 89 99 100.80
2130823090 黎晓 21数据2 100 100 100 100
2130823091 慕小玉 21数据2 100 95 99 100
2130823092 张仁杰 21数据2
2131026046 贾爽爽 21数据1 -1 -1 100
