chen 2130612035 4 1653596327 100
丘丝雨 2130619072 3 1653552167 85
丘心宇 2130823051 4 1653344922 85
伍瑜德 2130823050 4 1653685394 85
何玉玲 2130621088 4 1653593580 85
何瑶 2130621032 3 1653428887 90
何鸿洋 2130612031 4 1653693635 90
余鑫 21306210 3 1653496577 85
余鑫 2130621012 3 1653498633 85
兰羽柔 2130823018 4 1653779573 95
农晓琪 2130621041 3 1653397064 85
冯国文 2130619083 3 1653330075 85
冯自吉 2140615032 3 1653780064 85
刘好 2130619066 3 1653523063 85
刘德固 2130619088 3 1653296543 85
卓声雷 2130619055 3 1653336064 85
卢兵华 2130619012 4 1653520218 85
卢泽宇 2130619091 4 1653750032 85
叶锦攀 2130621011 4 1653644406 85
吕文麒 2130516006 4 1653695198 85
吕斌荣 2130823088 4 1653691354 85
吕洁明 213061203 4 1653725731 85
吴晓莲 2130621025 3 1653329287 85
吴楠 2130621093 4 1653255146 85
吴艳芳 2130621085 4 1653518762 85
周敏姨 2130621033 3 1653490831 85
唐欣欣 2130823049 3 1653345876 95
唐立昊 2130621018 3 1653415048 85
孙高婷 2130823005 4 1653672041 95
崔霖 2130823063 4 1653691209 85
庞煜光 2140615050 3 1653753660 85
康岳良 2140615009 3 1653755374 85
廖颖洁 2130621058 4 1653436580 85
张景宇 2130621051 4 1653494237 85
张桂英 2130823047 4 1653516034 85
张茜茜 2130823081 4 1653768604 85
慕小玉 2130823091 4 1653814279 85
易绣文 2130823065 4 1653338826 85
易钰婷 2130621062 4 1653503755 85
曾哲恒 2030520019 4 1653764289 90
朱俊琏 2130823007 4 1653406221 100
李君豪 2130619036 4 1653749775 85
李家欣 2130823074 4 1653404137 100
李昌荣 2130823062 4 1653768161 85
李海清 2130621023 3 1653393075 85
李英杰 2130619038 4 1653256033 85
杨丽琳 2130823025 4 1653236116 95
杨华圣 2130612036 4 1653597219 85
杨桂艳 2130621069 4 1653436589 95
杨紫恒 2130823039 3 1653681912 85
林利红 2130621056 4 1653502464 85
林宝胜 2130823015 4 1653351291 85
林恩宇 2130823020 3 1653235509 85
梁仲燕 2130516039 4 1653765049 85
梁任福 2130619082 3 1653229059 85
梁婉婷 2130823031 4 1653764808 85
梁婧桦 2130823061 4 1653401743 95
梁媛媛 2130612039 4 1653777679 85
梁展玮 2130823067 3 1653389542 85
梁桃 2130516014 4 1653643756 95
梁翠媛 2130516033 4 1653778381 95
梁裕杰 2140615002 3 1653777697 85
梁雄全 2130612041 3 1653725266 85
梁雪伶 2130823028 4 1653770433 95
浦槠丹 2130619033 3 1653323382 85
温舒婷 2130823011 3 1653320927 95
潘田甜 2140615010 3 1653761326 85
王士语 1811111004 4 1653395023 85
王小芬 2130516004 4 1653641917 85
王彩琴 2130516009 4 1653727815 85
王源娇 2130619001 4 1653687581 85
王麟 2130619073 4 1653760533 95
王麟 2130619073 5 1653758383 85
甘英美 2130823029 3 1653335475 90
申磊 2130621057 4 1653411133 85
石雨欣 2130823036 3 1653181387 85
秦泽锋 2130621002 3 1653340041 85
程燊梅 2130823010 4 1653679713 85
程石柳 2130621063 3 1653259212 85
程石柳 2130621063 4 1653261223 85
符雅健 2130619002 4 1653556506 85
罗光鑫 2130823086 3 1653778480 85
罗光鑫 2130823086 4 1653778480 85
罗冬萍 2130621082 4 1653436297 85
罗家敏 2140615035 3 1653520592 85
罗德菊 2130823079 4 1653668485 90
罗林跃 2130619003 4 1653357798 85
胡丽娜 2130823077 4 1653684323 85
苏北华 2130621073 4 1653304524 85
范晓庆 2130621091 4 1653496740 60
莫情莉 2130516003 4 1653410217 85
蒋传玉 2130621020 3 1653250503 95
蒋源 2130823055 4 1653432643 85
蒋膑德 2130621014 3 1653426185 85
蒋荣丽 2130621055 4 1653342964 85
蒙柳琴 2130823056 4 1653767077 85
薛清玉 2130823038 4 1653696404 95
覃唯乐 2130516040 3 1653597232 85
覃巧巧 2130516035 4 1653605865 85
许天禧 2130621065 3 1653496807 60
许天禧 2130621065 4 1653521629 85
谭慧琳 2130823043 3 1653224140 85
谭慧琳 2130823043 4 1653772652 85
谭钰周 2130619078 3 1653301587 85
贺忠敏 2130621084 4 1653307435 85
赖钰忠 2130823021 4 1653693086 85
赵德海 2130621072 4 1653505117 85
邹林华 2130619015 4 1653597888 85
邹绍兵 2130691043 4 1653752449 85
钟月葵 2130823041 3 1653224229 95
钟月葵 2130823041 4 1653776686 85
钟琴凤 2130823004 4 1653735307 90
陆婉君 2130621004 3 1653224296 85
陈俊昊 2130619081 3 1653345219 85
陈晓淋 213021022 3 1653250474 85
陈晓淋 2130621022 4 1653431617 100
陈柔欣 2130823023 3 1653770183 85
陈满峰 2130612003 4 1653597026 85
陈生荣 2130621080 3 1653496544 85
陈航源 2130823032 3 1653330567 85
陈莲 2130619008 3 1653306690 85
韦丽明 2130621054 4 1653436990 85
韦元明 2130516030 4 1653596962 85
韦军誉 2130619027 3 1653430054 85
韦宏富 2130612017 4 1653599210 85
韦彩英 2130823080 3 1653261949 85
韦晓梅 2130621013 3 1653252474 85
韦莎 2130621043 3 1653510922 85
马成兵 2130516024 4 1653601940 85
骆秋英 2130823054 4 1653317221 85
高奕广 2130619025 3 1653219542 85
鲍少兴 1810612066 3 1653592028 85
黄丹莉 2130823052 4 1653340854 85
黄丽宁 2130823082 4 1653513248 100
黄伟智 2130612006 3 1653773899 85
黄伟智 2130612006 4 1653773899 85
黄佳 2130823087 4 1653483873 85
黄倚绣 2130823078 3 1653686219 85
黄倚绣 2130823078 4 1653686299 85
黄先科 2130619004 4 1653748565 85
黄勇斌 2140615014 3 1653781682 85
黄国富 2130621064 4 1653504931 85
黄宏雅 2130621087 3 1653515718 85
黄宏雅 2130621087 4 1653515718 85
黄敏芳 2130826017 4 1653763148 85
黄昌桔 2130619021 4 1653685799 85
黄明麒 2130621083 3 1653496434 85
黄柳林 2130516032 4 1653596376 85
黄璇 2130823019 4 1653776032 95
黎娜 2130823026 3 1653334031 85
黎娜 2130823026 4 1653769785 85
黎晓 2130823090 4 1653322495 85
