2130516029 2130516029 3 1653120841 85
丘心宇 2130823051 3 1652885375 85
丘海芹 2130619034 3 1653143586 96
伍瑜德 2130823050 4 1652819863 85
何倩 2130621015 3 1653033401 100
何利豪 2130621049 3 1653033361 85
何建壮 2130823003 3 1653159289 85
何成宇 2130612038 3 1653086917 90
何木生 2130612028 3 1653005466 85
何柏陆 2130619071 3 1653040393 85
何涛 2130619050 3 1653126467 85
何炯彩 2130823058 3 1653228768 80
何玉玲 2130621088 3 1652997286 100
何鸿洋 2130612031 3 1653085489 85
兰羽柔 2130823018 3 1652812388 85
农凤燕 2130619049 3 1653171010 85
农益林 2130619045 3 1652985041 85
农益林 2130619045 4 1653150621 85
农艳莹 2130724022 3 1652783696 95
凌志涛 2130823069 3 1653165426 85
刘仙华 2130612001 4 1653002380 95
刘和运 2130621076 3 1653155352 85
刘孔月 2130823060 3 1653088161 85
刘意婷 2130722083 4 1652999279 100
刘日鹏 2130823073 3 1653168171 95
利进礼 2130619019 3 1652997270 90
卢兵华 2130619012 3 1652982592 90
卢庆 2130619067 3 1652983343 95
卢月艳 2130724028 3 1652827328 85
卢朝选 2130516012 3 1652998599 85
卢泽宇 2130619091 3 1653059320 85
叶锦攀 2130621011 3 1653051646 90
吕文麒 2130516006 3 1652993603 85
吕斌荣 2130823088 3 1653084913 85
吕洁明 2130612037 3 1652995711 85
吴国安 2130619010 3 1653087143 85
吴楠 2130621093 3 1652996159 85
吴艳芳 2130621085 3 1652996506 85
吴逸凡 2130619056 3 1653148044 85
吴金宇 2130619084 3 1653088568 85
周文生 2130612004 3 1652999289 85
周骏捷 2130621048 3 1653137699 85
孙高婷 2130823005 3 1652786994 85
官淋 2130619039 3 1652997483 85
容彬焯 2130621077 3 1652995834 85
岳福军 2130621052 3 1653087776 85
崔霖 2130823063 3 1653083695 85
庞家良 2130823068 3 1652902537 85
庾立钻 2130619089 3 1653137770 85
廖家豪 2130621037 3 1653168390 85
廖庆游 2130621044 3 1652996871 85
廖敬康 2130612014 3 1652996699 85
廖颖洁 2130621058 3 1652998274 85
张兰芳 2130621038 3 1652998117 85
张庭瑀 2130621070 3 1653002816 85
张春艳 2130621029 3 1653002420 85
张景宇 2130621051 3 1653118671 85
张桂英 2130823047 3 1652798063 85
张茜茜 2130823081 3 1652790385 85
彭明萤 2130612029 3 1652997733 85
徐菊华 2130619069 3 1652997846 85
慕小玉 2130823091 3 1652948408 85
戴广南 2130619040 3 1653143361 85
方美珉 2130516017 3 1652987707 95
施琪琪 2130612019 3 1652988391 85
施艳芳 2130516005 3 1653128716 85
易丽春 2130612002 3 1652997416 85
易绣文 2130823065 3 1652786493 85
易钰婷 2130621062 3 1652895289 85
曾勇 2130823001 3 1653179330 85
曾哲恒 2030520019 4 1653225664 85
曾茂 2130619041 3 1653085322 85
朱俊琏 2130823007 3 1653163067 85
朱小榕 2130621021 3 1653040116 85
李俊凯 2130619005 3 1652982821 90
李倩 2130621059 3 1652983508 85
李君豪 2130619036 3 1653002590 85
李家欣 2130823074 3 1652783944 90
李德永 2130619061 3 1653123805 85
李昌荣 2130823062 3 1653083548 85
李柔 2130516038 3 1652998801 85
李程斌 2130612027 3 1653038629 85
李舒婷 2130612010 3 1652987448 85
李英杰 2130619038 3 1652961922 85
李荣健 2130823085 3 1653080747 85
李雯 2130621034 3 1652997927 85
杨丽琳 2130823025 3 1653161054 85
杨华圣 2130612036 3 1652999204 85
杨大旺 2130619030 3 1652997023 85
杨桂艳 2130621069 3 1652996941 85
林利红 2130621056 3 1652996728 85
林威 2130612040 3 1652993738 85
林宝胜 2130823015 3 1652786655 85
梁丽红 2130612011 3 1652999644 85
梁仲燕 2130516039 3 1653083288 85
梁夏荣 2130612007 3 1652993648 85
梁婉婷 2130823031 3 1653081874 85
梁婧桦 2130823061 3 1652821501 85
梁媛媛 2130612039 3 1652998302 85
梁振耀 2130619079 3 1652984958 85
梁桃 2130516014 3 1652988576 85
梁翠媛 2130516033 3 1653083508 85
梁臣培 2130621031 3 1652999393 85
梁雨婷 2130823066 3 1653160057 85
梁雪伶 2130823028 3 1653175432 90
欧纪乾 2130823076 3 1653229896 90
滕彩桃 2130516013 3 1653084050 85
潘志恒 2130621068 3 1652999098 85
燕梓 2130621046 3 1653146345 85
王一迪 2130516026 3 1653094575 85
王作杰 2130823006 3 1652891899 85
王士语 1811111004 4 1653082335 85
王小芬 2130516004 3 1652998018 95
王彩琴 2130516009 3 1652991713 85
王桂兵 2130619024 3 1653002434 85
王麟 2130619073 3 1653088152 85
王麟 2130619073 4 1653146925 85
申磊 2130621057 3 1653001073 85
盘娟 2130621019 3 1652998326 85
磨朗 2130823046 3 1653160254 85
祝宇恒 2130612005 3 1652999711 85
程燊梅 2130823010 3 1653173698 90
符佳伟 2130619006 9 1653142798 85
符雅健 2130619002 3 1653000933 85
罗冬萍 2130621082 3 1652998799 85
罗嘉明 2130823089 3 1652998245 85
罗德菊 2130823079 3 1652908071 85
罗显胜 2130516020 3 1652987919 85
罗林跃 2130619003 3 1652983796 85
罗柳连 2130621050 3 1652894088 85
罗柳连 2130621050 4 1653039317 85
罗燕春 2130516037 3 1652999738 100
罗金昌 2130612025 3 1652986937 85
罗钧华 2130612024 3 1653089568 85
肖权友 2130516019 3 1653125997 85
胡丽娜 2130823077 3 1652805838 90
胡广泽 2130619070 3 1652984903 100
苏北华 2130621073 3 1652896315 85
苏振杰 2130612018 3 1652997059 85
范晓庆 2130621091 3 1652894228 100
莫华礼 2130612020 3 1653125663 85
莫情莉 2130516003 3 1653000262 85
蒋源 2130823055 3 1652828412 85
蒋荣丽 2130621055 3 1652998869 85
蒙柳琴 2130823056 3 1653161427 85
蓝世胜 2130619035 3 1653146016 85
蔡晓梅 2130621024 3 1653073392 85
薛清玉 2130823038 3 1653232056 85
裴润友 2130619064 3 1653003321 85
覃丽婷 2130516002 3 1653121655 85
覃升飞 2130612043 3 1652996723 85
覃巧巧 2130516035 3 1652994156 95
覃松梅 2130823064 3 1653230232 85
谢圣焕 2130612008 3 1652999287 85
谢磊 2130619074 3 1653135569 85
谢秀凡 2130619057 3 1653080003 85
谭鑫懿 2130619085 3 1653165040 85
贺忠敏 2130621084 3 1652995270 85
赖崇双 2130619058 3 1653178020 85
赖钰忠 2130823021 3 1653164318 85
赵德海 2130621072 3 1652995755 90
赵明杰 2130621005 3 1652950520 85
赵明杰 2130621005 4 1653055791 85
赵茗智 2130621040 3 1653052307 85
赵跃 2130516022 3 1652988426 85
赵达勇 2130619048 3 1653072355 85
辛佳缘 2130621090 3 1652893907 85
辛佳缘 2130621090 4 1653058879 100
邓慧 2130612021 3 1653125472 100
邹林华 2130619015 3 1652982313 85
邹海明 2130823084 3 1652795247 85
邹绍兵 2130619043 3 1653148118 85
郑裕炫 2130823070 3 1652990212 85
郭泉鑫 2130621006 4 1653055609 85
钟海林 2130612023 3 1652988212 85
钟琴凤 2130823004 3 1653141686 85
钟瑞田 2130612032 3 1652996671 85
陆世乐 2130619060 3 1653146182 85
陆东盈 2130615033 3 1653125785 85
陆航彬 2130619076 3 1652999450 80
陈东成 2130823016 3 1652629500 85
陈中煌 2130619068 3 1653126455 95
陈勇平 2130612035 3 1652987294 90
陈大龙 2130619065 3 1653075289 85
陈安琪 2130621039 3 1653050942 90
陈梅玲 2130516007 3 1653090179 85
陈满峰 2130612003 3 1652998529 85
陈炳均 2130612022 3 1652987020 85
陈炳均 2130612022 4 1652987117 85
陈炳璋 2130621081 3 1653038659 85
陈礼聪 2130619087 3 1653131878 85
陈铭 2130612034 4 1653052625 85
陈麓伊 2130823048 3 1652831239 85
韦丹 2130621086 3 1653034093 85
韦丽明 2130621054 3 1652997388 85
韦云 2130612016 3 1652997229 85
韦元明 2130516030 3 1652996867 85
韦凤杭 2130619042 3 1653169472 85
韦嘉欢 2130612015 3 1652998541 85
韦宏富 2130612017 3 1652987699 85
韦忠蒋 2130612013 3 1652996942 85
韦武崇 2130621089 3 1652996007 85
韦秀 2130823035 3 1653160722 85
韦薇 2130823059 3 1653171994 85
韦邦苗 2130619047 3 1652997620 85
马成兵 2130516024 3 1652997426 85
马欣宇 2130823040 3 1653175011 85
马顺栋 2130621036 3 1652992201 85
骆秋英 2130823054 4 1652783876 85
黄丹莉 2130823052 3 1652828581 85
黄丽宁 2130823082 3 1652984818 85
黄佳 2130823087 3 1652965796 85
黄先科 2130619004 3 1653002083 85
黄善洲 2130621042 3 1653051943 85
黄国富 2130621064 3 1653006710 85
黄天宇 2130823083 3 1653127343 85
黄慧莹 2130516041 3 1652988436 85
黄支雯 2130619020 3 1652982320 85
黄敏芳 2130823017 3 1653164560 85
黄文琦 2130823022 3 1653233365 85
黄昌桔 2130619021 3 1652995727 85
黄春柳 2130612042 3 1652988332 85
黄晨宇 2130619011 3 1653145093 85
黄月枚 2130612026 3 1653000781 85
黄柳林 2130516032 3 1652988307 85
黄炜荣 2130619031 3 1653090372 85
黄玉娇 2130619028 3 1653093956 85
黄琦荃 2130619022 3 1653085403 85
黄璇 2130823019 3 1652965630 85
黄祖纯 2130823008 3 1653163189 85
黄福兰 2130516015 3 1652987654 85
黄莫靖 2130823034 3 1652789710 85
黄钰婷 2130823030 3 1652965892 85
黎孔带 2130621071 3 1652995789 85
黎容春 2130621075 3 1653034020 85
黎晓 2130823090 3 1652785944 85
黎灿荣 2130619075 3 1653090373 85
黎锦娴 2130823009 3 1653225524 85
黎雨婷 2130621078 3 1653168666 85
