2130619001 王源娇 21机械1 97 100 95 95 86 78
2130619002 符雅健 21机械1 87 100 88 95 99
2130619003 罗林跃 21机械1 95 100 85 89 95 80
2130619004 黄先科 21机械1 87 100 81 82 73
2130619005 李俊凯 21机械1 95 87 92 95 86 84 95
2130619006 符佳伟 21机械1 100 80 86
2130619007 赵永胜 21机械1
2130619008 陈莲 21机械1 80 70 74 69 75 84 95
2130619009 霍欣萍 21机械1 65 65
2130619010 吴国安 21机械1 85 100 87 95 71
2130619011 黄晨宇 21机械1 84 65 65
2130619012 卢兵华 21机械1 95 100 100 95 97 98
2130619013 李镁欣 21机械1 97 65 65 65
2130619014 杨文源 21机械1 97 85 89 78 84 80 80
2130619015 邹林华 21机械1 95 100 91 89 65
2130619016 陈利鸿 21机械1 65 65
2130619017 梁虔宁 21机械1 65 65 65 65
2130619018 韦厚宇 21机械1 65 65
2130619019 利进礼 21机械1 87 87 88 65
2130619020 黄支雯 21机械1 95 66 65 65 65 83 84
2130619021 黄昌桔 21机械1 87 100 95 88 95 84 84
2130619022 黄琦荃 21机械1 85 85
2130619024 王桂兵 21机械1 87 100 100 90 86 80
2130619025 高奕广 21机械1 82 65 65 65 85
2130619026 黄文定 21机械1 97 78 70 72 65
2130619027 韦军誉 21机械1 77 79 85
2130619028 黄玉娇 21机械1 85 97 88 65 65
2130619029 玉胜金 21机械1 65 65
2130619030 杨大旺 21机械1 87 97 98 95 67
2130619031 黄炜荣 21机械1 85 65 70 95 72 98 95
2130619032 王承钧 21机械1 65 65
2130619033 浦槠丹 21机械1 80 80 98 95 69 83 84
2130619034 丘海芹 21机械1 84 84 84 90 80 81
2130619035 蓝世胜 21机械1 84 100 95 86 95
2130619036 李君豪 21机械1 87 100 83 89 89 85
2130619038 李英杰 21机械1 95 100 98 95 85 95 95
2130619039 官淋 21机械1 87 93 77 83
2130619040 戴广南 21机械1 84 100 74 80 86
2130619041 曾茂 21机械1 85 81 85 65
2130619042 韦凤杭 21机械1 83 88 74 77 79 90
2130619043 邹绍兵 21机械1 84 100 91 65 65 88 82
2130619044 张国钰 21机械1 65 65 65
2130619045 农益林 21机械1 95 100 99 95 83 95 95
2130619046 王雨倩 21机械2 65 95 88 75 65 89 95
2130619047 韦邦苗 21机械2 87 83 81 87 65 80
2130619048 赵达勇 21机械2 86 95 91 89 95 95 95
2130619049 农凤燕 21机械2 83 87 65 65
2130619050 何涛 21机械2 84 100 100 100 95 95 95
2130619051 赵雅楠 21机械2
2130619052 路帆 21机械2 80 84 65 65 80 80
2130619053 庞力 21机械2 65 65
2130619055 卓声雷 21机械2 79 65 65 66 71
2130619056 吴逸凡 21机械2 84 65
2130619057 谢秀凡 21机械2 85 95 85 85 95 95 85
2130619058 赖崇双 21机械2 83
2130619059 胡建丽 21机械2 99 99 97 95 100 95
2130619060 陆世乐 21机械2 84 65
2130619061 李德永 21机械2 84 98 68
2130619062 甘夏 21机械2 96 95 99 89 84 95
2130619064 裴润友 21机械2 87 95 87 91 95 95 95
2130619065 陈大龙 21机械2 85 85 85 85 95 85
2130619066 刘好 21机械2 75 65 65 65
2130619067 卢庆 21机械2 95 97 95 98 95 95 95
2130619068 陈中煌 21机械2 84 100 100 100 95 95 95
2130619069 徐菊华 21机械2 97 65 65
2130619070 胡广泽 21机械2 95 94 65 90 82 95 95
2130619071 何柏陆 21机械2 86 85 81 77 83 87 81
2130619072 丘丝雨 21机械2 74 85 65 65
2130619073 王麟 21机械2 85 100 100 65 100 100
2130619074 谢磊 21机械2 84 65
2130619075 黎灿荣 21机械2 85 95 84 95 83 84
2130619076 陆航彬 21机械2 87 95 76 65
2130619077 张莉 21机械2 65 65 66 65 80 81
2130619078 谭钰周 21机械2 80 83 77
2130619079 梁振耀 21机械2 95 85 71 77
2130619080 赵春滨 21机械2 65 65
2130619081 陈俊昊 21机械2 97 85 89 95 95 85 95
2130619082 梁任福 21机械2 82 73 65
2130619083 冯国文 21机械2 80 74 78 84 89
2130619084 吴金宇 21机械2 85 96 95 95 95 81
2130619085 谭鑫懿 21机械2 83 83
2130619086 张贵亮 21机械2 97 65 65 70 84
2130619087 陈礼聪 21机械2 84 65
2130619088 刘德固 21机械2 80 73 77 65
2130619089 庾立钻 21机械2 84 65
2130619090 陆冰 21机械2 65 65 84
2130619091 卢泽宇 21机械1 86 100 92 85 95
