2130621001 胡珑剑 95 93 87 85
2130621002 秦泽锋 98 93 93 90
2130621003 周帅 75 75 75 75
2130621004 陆婉君 75 75 75 75
2130621005 赵明杰 100 100 100 85
2130621006 郭泉鑫 100 100 100 95
2130621007 王金龙 100 75 100 95
2130621008 高子翔 75 75 75 75
2130621009 许高铭 75 75 75 75
2130621010 黄俊鹏 75 75 75 75
2130621011 叶锦攀 91 93 87 85
2130621012 余鑫 95 100 87 85
2130621013 韦晓梅 100 100 100 90
2130621014 蒋膑德 75 75 75 75
2130621015 何倩 75 75 75 75
2130621016 杨新锋 75 75 75 75
2130621017 龙琪 75 75 75 75
2130621018 唐立昊 75 75 75 75
2130621019 盘娟 96 100 100 90
2130621020 蒋传玉 75 75 93 95
2130621021 朱小榕 98 100 100 90
2130621022 陈晓淋 100 100 93 100
2130621023 李海清 100 80 100 95
2130621024 蔡晓梅 75 75 75 75
2130621025 吴晓莲 100 75 100 95
2130621026 黄见贤 96 75 75 75
2130621027 黄达轩 75 75 75 75
2130621029 张春艳 75 75 75 75
2130621030 谢廷楷 75 75 75 75
2130621031 梁臣培 75 75 75 75
2130621032 何瑶 100 100 100 90
2130621033 周敏姨 100 100 100 95
2130621034 李雯 100 100 100 75
2130621035 覃德荣 75 75 75 75
2130621036 马顺栋 96 100 100 95
2130621037 廖家豪 75 75 100 85
2130621038 张兰芳 98 80 87 85
2130621039 陈安琪 75 75 75 75
2130621040 赵茗智 75 75 75 75
2130621041 农晓琪 100 100 100 75
2130621042 黄善洲 91 100 87 90
2130621043 韦莎 98 100 93 100
2130621044 廖庆游 91 93 93 90
2130621045 贺子杭 75 75 75 75
2130621046 燕梓 96 75 100 100
2130621047 邓钧涛 75 75 75 75
2130621048 周骏捷 93 100 100 100
2130621049 何利豪 98 100 93 100
2130621050 罗柳连 100 100 100 95
2130621051 张景宇 75 75 100 100
2130621052 岳福军 96 100 100 100
2130621054 韦丽明 96 75 100 100
2130621055 蒋荣丽 91 75 100 85
2130621056 林利红 100 100 100 100
2130621057 申磊 100 100 100 75
2130621058 廖颖洁 96 75 75 75
2130621059 李倩 100 93 100 100
2130621060 车增海 95 100 100 85
2130621062 易钰婷 100 100 100 100
2130621063 程石柳 95 100 100 95
2130621064 黄国富 93 100 93 100
2130621065 许天禧 96 75 75 75
2130621066 张健榕 100 100 100 90
2130621068 潘志恒 100 100 100 100
2130621069 杨桂艳 80 100 75 75
2130621070 张庭瑀 100 75 100 85
2130621071 黎孔带 100 100 100 100
2130621072 赵德海 100 100 93 95
2130621073 苏北华 75 75 100 80
2130621075 黎容春 75 75 75 75
2130621076 刘和运 75 100 100 100
2130621077 容彬焯 95 100 93 100
2130621078 黎雨婷 100 100 100 95
2130621079 张家辉 75 75 100 85
2130621080 陈生荣 89 87 100 90
2130621081 陈炳璋 75 75 93 100
2130621082 罗冬萍 95 87 100 75
2130621083 黄明麒 100 87 100 100
2130621084 贺忠敏 75 75 100 90
2130621085 吴艳芳 96 100 100 100
2130621086 韦丹 100 100 100 100
2130621087 黄宏雅 100 100 100 100
2130621088 何玉玲 100 100 100 95
2130621089 韦武崇 93 87 93 100
2130621090 辛佳缘 95 100 100 95
2130621091 范晓庆 93 93 100 100
2130621092 陈晋杰 75 75 75 75
2130621093 吴楠 87 75 87 85
