2130619001 王源娇 93 75 100 100
2130619002 符雅健 98 100 100 100
2130619003 罗林跃 75 75 75 75
2130619004 黄先科 93 93 93 80
2130619005 李俊凯 98 87 100 100
2130619006 符佳伟 75 75 75 75
2130619007 赵永胜 75 75 75 75
2130619008 陈莲 98 100 93 100
2130619009 霍欣萍 75 75 75 75
2130619010 吴国安 75 75 75 75
2130619011 黄晨宇 75 75 100 75
2130619012 卢兵华 95 75 100 95
2130619013 李镁欣 98 100 75 95
2130619014 杨文源 98 93 93 85
2130619015 邹林华 75 75 75 75
2130619016 陈利鸿 75 75 75 75
2130619017 梁虔宁 75 75 75 75
2130619018 韦厚宇 75 75 100 100
2130619019 利进礼 98 100 75 75
2130619020 黄支雯 75 75 75 75
2130619021 黄昌桔 93 100 93 90
2130619022 黄琦荃 98 100 100 100
2130619024 王桂兵 75 75 100 90
2130619025 高奕广 75 100 100 75
2130619026 黄文定 95 80 87 100
2130619027 韦军誉 75 75 75 75
2130619028 黄玉娇 75 100 100 100
2130619029 玉胜金 75 75 100 90
2130619030 杨大旺 98 87 87 100
2130619031 黄炜荣 93 100 100 95
2130619032 王承钧 93 87 100 85
2130619033 浦槠丹 95 100 75 75
2130619034 丘海芹 89 75 100 100
2130619035 蓝世胜 98 75 100 90
2130619036 李君豪 75 75 75 75
2130619038 李英杰 96 93 93 100
2130619039 官淋 98 75 100 80
2130619040 戴广南 75 75 75 75
2130619041 曾茂 75 75 87 90
2130619042 韦凤杭 98 93 87 100
2130619043 邹绍兵 96 93 100 95
2130619044 张国钰 75 75 75 75
2130619045 农益林 98 100 100 100
2130619091 卢泽宇 89 100 93 90
2130619046 王雨倩 96 75 100 95
2130619047 韦邦苗 93 93 100 95
2130619048 赵达勇 89 93 100 95
2130619049 农凤燕 96 100 100 95
2130619050 何涛 96 100 87 90
2130619051 赵雅楠 75 75 75 75
2130619052 路帆 98 87 93 90
2130619053 庞力 98 93 100 100
2130619055 卓声雷 75 75 75 75
2130619056 吴逸凡 93 100 100 85
2130619057 谢秀凡 75 75 100 90
2130619058 赖崇双 98 100 100 95
2130619059 胡建丽 98 100 100 95
2130619060 陆世乐 100 100 93 100
2130619061 李德永 89 100 100 100
2130619062 甘夏 95 100 100 95
2130619064 裴润友 98 87 75 75
2130619065 陈大龙 96 93 100 95
2130619066 刘好 75 75 75 75
2130619067 卢庆 89 93 100 95
2130619068 陈中煌 95 100 87 90
2130619069 徐菊华 98 100 100 95
2130619070 胡广泽 93 93 93 90
2130619071 何柏陆 95 93 80 95
2130619072 丘丝雨 96 100 100 95
2130619073 王麟 98 100 100 95
2130619074 谢磊 100 100 100 95
2130619075 黎灿荣 98 100 100 95
2130619076 陆航彬 96 100 93 95
2130619077 张莉 82 80 80 85
2130619078 谭钰周 75 75 93 95
2130619079 梁振耀 95 100 87 95
2130619080 赵春滨 75 75 75 75
2130619081 陈俊昊 96 93 100 100
2130619082 梁任福 98 87 100 75
2130619083 冯国文 75 75 75 75
2130619084 吴金宇 100 100 100 95
2130619085 谭鑫懿 93 93 100 100
2130619086 张贵亮 96 100 87 95
2130619087 陈礼聪 98 100 93 90
2130619088 刘德固 98 100 100 95
2130619089 庾立钻 75 93 100 100
2130619090 陆冰 96 100 100 95
