1810612066 鲍少兴 21电子1 71.2889583333333 71.2889583333333 65 65 67.8305787037037 67.8305787037037 94.2624768518519 94.2624768518519 80.2027083333333 80.2027083333333 81.9924537037037 81.9924537037037 90.0435648148148 90.0435648148148 87.4459953703704 95 95 96.9843518518519
2130516001 贺念 21工程管理 65 65 65 65 65 65 65 65 65 65 65 65 65 65 89.4444907407407 60 60 60
2130516002 覃丽婷 21工程管理 82.1772222222222 82.1772222222222 65 65 65 65 80.3857175925926 80.3857175925926 94.2436805555556 94.2436805555556 99.0014351851852 99.0014351851852 76.1372453703704 76.1372453703704 60 60 60 60
2130516003 莫情莉 21工程管理 84.9872453703704 84.9872453703704 100 100 99.1980787037037 99.1980787037037 100 100 100 100 88.7994675925926 88.7994675925926 96.864375 96.864375 89.4088657407407 95 95.6567361111111 98.8192361111111
2130516004 王小芬 21工程管理 85.0391898148148 85.0391898148148 97.4054861111111 97.4054861111111 95.5585648148148 95.5585648148148 100 100 98.1434722222222 98.1434722222222 91.8603472222222 91.8603472222222 93.0078009259259 93.0078009259259 84.3090740740741 88.3003240740741 90.6048148148148 93.7608564814815
2130516005 施艳芳 21工程管理 82.0137731481481 82.0137731481481 67.3678009259259 67.3678009259259 70.9097222222222 70.9097222222222 80.2951157407407 80.2951157407407 92.9635648148148 92.9635648148148 93.2535648148148 93.2535648148148 90.0969212962963 90.0969212962963 80.9797685185185 84.9842361111111 80 81.0033333333333
2130516006 吕文麒 21工程管理 85.1413888888889 85.1413888888889 96.1721296296296 96.1721296296296 98.6571759259259 98.6571759259259 65 65 65 65 65 65 68.9468287037037 68.9468287037037 60 60 60 60
2130516007 陈梅玲 21工程管理 82.9058333333333 82.9058333333333 81.426412037037 81.426412037037 91.0191203703704 91.0191203703704 87.1834722222222 87.1834722222222 88.5133101851852 88.5133101851852 87.4417361111111 87.4417361111111 95.4893287037037 95.4893287037037 88.3581018518519 95 95 95.9985185185185
2130516008 黄伟鹏 21工程管理 65 65 65 65 65 65 65 65 65 65 82.0391435185185 82.0391435185185 65 65 60 60 60 60
2130516009 王彩琴 21工程管理 85.1851388888889 85.1851388888889 95.4171064814815 95.4171064814815 99.0624768518519 99.0624768518519 100 100 100 100 100 100 96.8662268518518 96.8662268518518 95 95 95 96.3061342592593
2130516010 黄建熬 21工程管理 65 65 65 65 65 65 65 65 65 65 65 65 67.020625 67.020625 80.9863425925926 60 80 60
2130516011 吴代涛 21工程管理 65 65 65 65 65 65 65 65 65 65 65 65 65 65 80 80 80 80
2130516012 卢朝选 21工程管理 85.0257407407407 85.0257407407407 60 93.4417592592593 93.4417592592593 80.5925925925926 80.5925925925926 70.5953240740741 70.5953240740741 75.4190046296296 75.4190046296296 83.5096527777778 83.5096527777778 60 60 60 60
2130516013 滕彩桃 21工程管理 83.0477083333333 83.0477083333333 91.094837962963 91.094837962963 93.5869212962963 93.5869212962963 100 100 94.225 94.225 88.9824537037037 88.9824537037037 97.0400231481482 97.0400231481482 80.8720138888889 84.8753009259259 84.9986805555556 60
2130516014 梁桃 21工程管理 85.2577546296296 85.2577546296296 97.3629166666667 97.3629166666667 95.3909953703704 95.3909953703704 100 100 100 100 89.4334722222222 89.4334722222222 93.1952083333333 93.1952083333333 89.5034490740741 95 95.843287037037 99.0040509259259
2130516015 黄福兰 21工程管理 95 95 86.0933101851852 86.0933101851852 93.4569212962963 93.4569212962963 89.3210648148148 89.3210648148148 94.1749074074074 94.1749074074074 95.9094675925926 95.9094675925926 90.1168981481482 90.1168981481482 89.4271296296296 86.2054166666667 88.5766435185185 91.7400462962963
2130516016 唐锋涛 21工程管理 65 65 65 65 65 65 66.5100462962963 66.5100462962963 65 65 65 65 66.9777777777778 66.9777777777778 80.9655092592593 84.9680092592593 87.2869444444444 90.4544444444444
2130516017 方美珉 21工程管理 95 95 82.831412037037 82.831412037037 95.7983101851852 95.7983101851852 100 100 100 100 93.9038657407407 93.9038657407407 89.8823842592593 89.8823842592593 80.9851851851852 84.9999305555556 82.9965740740741 80
2130516018 杨彬 21工程管理 65 65 65 65 65 65 82.2507175925926 82.2507175925926 96.1147685185185 96.1147685185185 100 100 96.9485416666667 96.9485416666667 96.3392361111111 95 89.1780324074074 92.3511111111111
2130516019 肖权友 21工程管理 82.076712962963 82.076712962963 65 65 86.4837962962963 86.4837962962963 78.9965972222222 78.9965972222222 65 65 84.9878703703704 84.9878703703704 75.8522453703704 75.8522453703704 80.9904398148148 80 85.0014583333333 85
2130516020 罗显胜 21工程管理 95 95 93.3520833333333 93.3520833333333 98.883125 98.883125 94.327337962963 94.327337962963 84.5150231481481 84.5150231481481 81.8583101851852 81.8583101851852 79.1500231481482 79.1500231481482 89.145787037037 95 95.5074305555556 98.67125
2130516021 李思作 21工程管理 65 65 82.3896990740741 82.3896990740741 65 65 65 65 60 60 60 80 80 80 80
2130516022 赵跃 21工程管理 95 95 86.8315277777778 86.8315277777778 65 65 65 65 65 65 65 65 66.9560185185185 66.9560185185185 80 82.6270601851852 84.993912037037 88.1612731481482
2130516023 田国立 21工程管理 60 84.8501388888889 84.8501388888889 89.2396527777778 89.2396527777778 65 65 77.0702083333333 77.0702083333333 73.4984953703704 73.4984953703704 81.5980324074074 81.5980324074074 80 80 80 80.1529398148148
2130516024 马成兵 21工程管理 85.0528935185185 85.0528935185185 98.3308796296296 98.3308796296296 84.8752314814815 84.8752314814815 94.3287731481481 94.3287731481481 77.0987731481482 77.0987731481482 93.197662037037 93.197662037037 93.1877314814815 93.1877314814815 60 60 60 60
2130516025 常晶晶 21工程管理 65 65 65 65 67.8300925925926 67.8300925925926 77.2631481481481 77.2631481481481 65 65 65 65 65 65 60 60 60 60
2130516026 王一迪 21工程管理 82.8040740740741 82.8040740740741 86.1121527777778 86.1121527777778 97.3230555555556 97.3230555555556 87.0168287037037 87.0168287037037 88.7967361111111 88.7967361111111 92.6286342592593 92.6286342592593 85.6580555555555 85.6580555555555 85.1171296296296 85.0018287037037 85.0016666666667 80
2130516029 黄佳丽 21工程管理 82.1960648148148 82.1960648148148 65 65 65 65 66.3301157407407 66.3301157407407 65.6851388888889 65.6851388888889 71.0504861111111 71.0504861111111 79.1504166666667 79.1504166666667 95 82.6408333333333 84.9292824074074 83.087662037037
2130516030 韦元明 21工程管理 85.0658333333333 85.0658333333333 98.4461111111111 98.4461111111111 70.9280787037037 70.9280787037037 60 88.404837962963 88.404837962963 65 65 65 65 89.4304166666667 95 95.7991435185185 98.9630555555556
2130516031 潘耀昊 21工程管理 65 65 65 65 65 65 74.56625 74.56625 77.1118055555555 77.1118055555555 60 60 60 60 60 60
2130516032 黄柳林 21工程管理 95 95 98.4596759259259 98.4596759259259 99.6656944444444 99.6656944444444 100 100 100 100 100 100 97.0203009259259 97.0203009259259 86.8217592592593 95 95 96.3325694444444
2130516033 梁翠媛 21工程管理 83.0602546296296 83.0602546296296 94.2465972222222 94.2465972222222 99.2578009259259 99.2578009259259 99.9825694444444 99.9825694444444 94.2157638888889 94.2157638888889 77.3780092592593 77.3780092592593 85.4776388888889 85.4776388888889 80 81.1167361111111 83.4822916666667 86.63375
2130516034 李忠强 21工程管理 65 65 65 65 65 65 65 65 65 65 65 65 67.2581944444444 67.2581944444444 80 80 80 80
2130516035 覃巧巧 21工程管理 85.128587962963 85.128587962963 98.2400231481482 98.2400231481482 99.1715740740741 99.1715740740741 100 100 100 100 88.8042361111111 88.8042361111111 82.9460648148148 82.9460648148148 98.3380092592593 84.8808101851852 83.0473148148148 80
2130516036 王静涵 21工程管理 65 65 65 65 65 65 74.5904398148148 74.5904398148148 91.1425694444444 91.1425694444444 71.8314351851852 71.8314351851852 67.9436805555556 67.9436805555556 60 60 80 80
2130516037 罗燕春 21工程管理 84.999375 84.999375 93.2050231481481 93.2050231481481 98.7712268518518 98.7712268518518 100 100 92.879837962963 92.879837962963 90.7211342592593 90.7211342592593 96.9063657407407 96.9063657407407 88.8993518518518 95 90.7470138888889 94.3814814814815
2130516038 李柔 21工程管理 85.0210648148148 85.0210648148148 92.3337962962963 92.3337962962963 94.8065972222222 94.8065972222222 90.2993518518519 90.2993518518519 85.9999305555556 85.9999305555556 90.8251157407407 90.8251157407407 85.629837962963 85.629837962963 95 95 95 95
2130516039 梁仲燕 21工程管理 83.0653472222222 83.0653472222222 94.5552083333333 94.5552083333333 99.6271296296296 99.6271296296296 98.8177546296296 98.8177546296296 100 100 85.0681712962963 85.0681712962963 93.1270601851852 93.1270601851852 90.7883564814815 60 80 80
2130516040 覃唯乐 21工程管理 71.1684953703704 71.1684953703704 84.8999305555556 84.8999305555556 91.3744675925926 91.3744675925926 91.3040509259259 91.3040509259259 86.1878472222222 86.1878472222222 78.8364814814815 78.8364814814815 86.936712962963 86.936712962963 80.9698148148148 60 85.0015046296296 80.202662037037
2130516041 黄慧莹 21工程管理 95 95 91.1085648148148 91.1085648148148 93.6871296296296 93.6871296296296 100 100 100 100 98.8325462962963 98.8325462962963 93.0966666666667 93.0966666666667 85.1171296296296 84.9732407407407 84.9980787037037 80
2130516042 庞紫颜 21工程管理 65 65 65 65 65 65 65 65 66.1350462962963 66.1350462962963 65 65 67.2709490740741 67.2709490740741 60 60 60 60
2130516043 王文凤 21工程管理 65 65 65 65 65 65 80.1394675925926 80.1394675925926 93.998587962963 93.998587962963 98.8221759259259 98.8221759259259 90.1142361111111 90.1142361111111 84.8637731481482 88.866875 91.2293055555556 94.3928240740741
2130516044 杨惠 21工程管理 65 65 81.4097222222222 81.4097222222222 65 65 68.2867824074074 68.2867824074074 82.0520833333333 82.0520833333333 70.9915277777778 70.9915277777778 95 95 60 60 60 60
2130612001 刘仙华 21电子1 95 95 100 100 100 100 100 100 100 100 95.6492824074074 95.6492824074074 97.0549537037037 97.0549537037037 98.240625 95 91.1571759259259 94.3223148148148
2130612002 易丽春 21电子1 85.053125 85.053125 92.3074305555556 92.3074305555556 92.6976388888889 92.6976388888889 80.6321064814815 80.6321064814815 65 65 85 85 92.9433101851852 92.9433101851852 80 60 80 80
2130612003 陈满峰 21电子1 85.0273611111111 85.0273611111111 98.4446296296296 98.4446296296296 95.755787037037 95.755787037037 100 100 100 100 99.0655555555556 99.0655555555556 93.2168981481481 93.2168981481481 60 60 60 60
2130612004 周文生 21电子1 85.0097685185185 85.0097685185185 93.1220833333333 93.1220833333333 85.0194675925926 85.0194675925926 100 100 93.8783101851852 93.8783101851852 92.8357175925926 92.8357175925926 95.8430092592593 95.8430092592593 96.4566203703704 95 95.8050231481482 98.9139583333333
2130612005 祝宇恒 21电子1 85 85 85 85 96.823125 96.823125 100 100 60 89.8946527777778 89.8946527777778 83.4641898148148 83.4641898148148 96.3710416666667 88.9187731481481 91.2816203703704 94.4477314814815
2130612006 黄伟智 21电子1 67.0789814814815 67.0789814814815 94.3503472222222 94.3503472222222 85 85 100 100 72.2424537037037 72.2424537037037 77.0652314814815 77.0652314814815 85.1643287037037 85.1643287037037 60 60 80 80
2130612007 梁夏荣 21电子1 85.1403472222222 85.1403472222222 65 65 65 65 65 65 65 65 60 60 60 60 60 60
2130612008 谢圣焕 21电子1 85.0098148148148 85.0098148148148 67.4734027777778 67.4734027777778 94.8916203703704 94.8916203703704 88.8661574074074 88.8661574074074 70.6792824074074 70.6792824074074 75.5150694444444 75.5150694444444 83.6013657407407 83.6013657407407 80 80.3092592592593 82.6689814814815 80
2130612009 罗佰强 21电子1 60 65 65 65 65 65 65 68.5843518518518 68.5843518518518 71.7866435185185 71.7866435185185 81.4774768518518 81.4774768518518 80 60 60 60
2130612010 李舒婷 21电子1 95 95 92.521412037037 92.521412037037 95.6345833333333 95.6345833333333 91.2812268518519 91.2812268518519 60 95.9716435185185 95.9716435185185 79.1003472222222 79.1003472222222 95 85.3903009259259 87.7502546296296 90.9133796296296
2130612011 梁丽红 21电子1 85.0015509259259 85.0015509259259 60 70.8550694444444 70.8550694444444 80.4297916666667 80.4297916666667 88.0919212962963 88.0919212962963 65 65 65 65 85.1171064814815 95 95 95
2130612012 李慧勤 21电子1 65.0620138888889 65.0620138888889 91.3726851851852 91.3726851851852 92.926087962963 92.926087962963 94.3160416666667 94.3160416666667 80.2834953703704 80.2834953703704 65 65 65 65 60 60 80 80
2130612013 韦忠蒋 21电子1 85.0640972222222 85.0640972222222 88.7496296296296 88.7496296296296 91.0146527777778 91.0146527777778 100 100 100 100 93.3215509259259 93.3215509259259 90.0386574074074 90.0386574074074 80 80 80 80
2130612014 廖敬康 21电子1 85.0697222222222 85.0697222222222 65 65 70.6705787037037 70.6705787037037 65 65 65 65 65 65 60 98.3766666666667 80 80 80
2130612015 韦嘉欢 21电子1 85.0270833333333 85.0270833333333 82.4141666666667 82.4141666666667 60 80.1727546296296 80.1727546296296 84.2275462962963 84.2275462962963 71.0311342592593 71.0311342592593 79.1038425925926 79.1038425925926 80.9927083333333 85 84.9959722222222 80
2130612016 韦云 21电子1 85.0574537037037 85.0574537037037 65 65 65.481412037037 65.481412037037 70.1878009259259 70.1878009259259 80.0432407407407 80.0432407407407 65 65 71.984212962963 71.984212962963 80 80 80 80
2130612017 韦宏富 21电子1 95 95 98.3940740740741 98.3940740740741 95.8350694444444 95.8350694444444 100 100 100 100 93.3443518518519 93.3443518518519 95.340625 95.340625 98.2163194444445 85.0036342592593 85.0015277777778 60
2130612018 苏振杰 21电子1 85.0613888888889 85.0613888888889 65 65 70.5871296296296 70.5871296296296 72.0853935185185 72.0853935185185 85 85 89.8242592592593 89.8242592592593 96.9467361111111 96.9467361111111 96.3894675925926 82.6356712962963 80 80
2130612019 施琪琪 21电子1 95 95 80.9412962962963 80.9412962962963 95.2215509259259 95.2215509259259 100 100 100 100 90.8504166666667 90.8504166666667 85.5788657407407 85.5788657407407 85 89.0042824074074 95 95
2130612020 莫华礼 21电子1 82.0844444444444 82.0844444444444 65 65 65 65 65 65 65 65 60 60 60 60 60 60
2130612021 邓慧 21电子1 82.0888657407407 82.0888657407407 92.4866435185185 92.4866435185185 84.876412037037 84.876412037037 77.1769907407407 77.1769907407407 68.5321759259259 68.5321759259259 67.9424074074074 67.9424074074074 76.0426157407407 76.0426157407407 95 80.7604398148148 83.1273148148148 86.2951388888889
2130612022 陈炳均 21电子1 95 95 100 100 97.0218055555556 97.0218055555556 100 100 100 100 95.7544907407407 95.7544907407407 87.1539814814815 87.1539814814815 86.5794212962963 84.9999537037037 85.0015277777778 60
2130612023 钟海林 21电子1 95 95 92.2512037037037 92.2512037037037 77.289537037037 77.289537037037 90.9229861111111 90.9229861111111 100 100 91.9390740740741 91.9390740740741 95 95 92.4933796296296 95 95 96.4095601851852
2130612024 罗钧华 21电子1 82.9199768518519 82.9199768518519 65 65 65 65 84.6271296296296 84.6271296296296 78.0870138888889 78.0870138888889 82.910787037037 82.910787037037 85 85 80.9970833333333 60 60 60
2130612025 罗金昌 21电子1 95 95 92.3421064814815 92.3421064814815 97.5916435185185 97.5916435185185 100 100 100 100 95.6981944444444 95.6981944444444 89.9955787037037 89.9955787037037 95 85.0012268518519 84.9980092592593 60
2130612026 黄月枚 21电子1 84.9752314814815 84.9752314814815 93.0824305555556 93.0824305555556 92.7336805555556 92.7336805555556 84.5309490740741 84.5309490740741 94.1854166666667 94.1854166666667 73.4755324074074 73.4755324074074 93.1753009259259 93.1753009259259 80.9391666666667 84.9540740740741 87.3274305555556 80
2130612027 李程斌 21电子1 84.0991203703704 84.0991203703704 65 65 65 65 78.0828935185185 78.0828935185185 91.1140740740741 91.1140740740741 99.0096990740741 99.0096990740741 81.581412037037 81.581412037037 60 60 60 60
2130612028 何木生 21电子1 84.8667824074074 84.8667824074074 65 65 65 65 85.9037962962963 85.9037962962963 98.4949305555556 98.4949305555556 86.8787731481481 86.8787731481481 76.8672916666667 76.8672916666667 60 60 60 60
2130612029 彭明萤 21电子1 85.045787037037 85.045787037037 70.5615046296296 70.5615046296296 70.5784027777778 70.5784027777778 91.0592361111111 91.0592361111111 94.3726157407407 94.3726157407407 96.7153935185185 96.7153935185185 95 95 80.9977314814815 84.8474768518519 85.00125 85.0027083333333
2130612031 何鸿洋 21电子1 83.0143981481481 83.0143981481481 96.2083101851852 96.2083101851852 85.0346064814815 85.0346064814815 94.3665277777778 94.3665277777778 91.1023842592593 91.1023842592593 93.2572916666667 93.2572916666667 93.1854398148148 93.1854398148148 80.8873148148148 84.8861574074074 87.2116203703704 90.375787037037
2130612032 钟瑞田 21电子1 85.0703703703704 85.0703703703704 73.3122453703704 73.3122453703704 75.3091898148148 75.3091898148148 92.14 92.14 94.1914583333333 94.1914583333333 96.0094212962963 96.0094212962963 65 65 80 80 80 80
2130612033 陆东盈 21电子1 82.0816203703704 82.0816203703704 65 65 65 65 66.2428472222222 66.2428472222222 65 65 65 65 69.3386574074074 69.3386574074074 80.9921527777778 84.9981018518519 60 60
2130612034 陈铭 21电子1 60 100 100 85.0093287037037 85.0093287037037 100 100 100 100 96.7830555555556 96.7830555555556 95 95 89.5747222222222 95 95.6971296296296 98.8616666666667
2130612035 陈勇平 21电子1 95 95 98.4608101851852 98.4608101851852 95.934212962963 95.934212962963 100 100 100 100 60 81.4684490740741 81.4684490740741 95 85.0016203703704 87.0096296296296 90.1741203703704
2130612036 杨华圣 21电子1 85.0117361111111 85.0117361111111 98.440162037037 98.440162037037 95.6457407407407 95.6457407407407 100 100 100 100 98.9880092592593 98.9880092592593 93.1667824074074 93.1667824074074 96.1834490740741 85.0008333333333 85 85.0034027777778
2130612037 吕洁明 21电子1 85.0925925925926 85.0925925925926 95.4653472222222 95.4653472222222 81.9264583333333 81.9264583333333 65 65 70.5015740740741 70.5015740740741 67.7820138888889 67.7820138888889 83.4280324074074 83.4280324074074 60 60 60 60
2130612038 何成宇 21电子1 82.9813425925926 82.9813425925926 65 65 65 65 74.5302083333333 74.5302083333333 66.4136342592593 66.4136342592593 65 65 79.3398611111111 79.3398611111111 96.5769212962963 85.0017824074074 80 80
2130612039 梁媛媛 21电子1 85.0326157407407 85.0326157407407 94.2628472222222 94.2628472222222 92.6873148148148 92.6873148148148 91.2436342592593 91.2436342592593 86.0203009259259 86.0203009259259 90.8363657407407 90.8363657407407 83.7490046296296 83.7490046296296 88.7855092592593 87.1361111111111 89.5125 92.6753703703704
2130612040 林威 21电子1 85.1382638888889 85.1382638888889 65 65 65 65 66.6551388888889 66.6551388888889 80.5152083333333 80.5152083333333 60 60 60 60 60 60
2130612041 梁雄全 21电子1 68.2047453703704 68.2047453703704 92.3606712962963 92.3606712962963 89.4843287037037 89.4843287037037 84.812962962963 84.812962962963 65.9847222222222 65.9847222222222 70.8034953703704 70.8034953703704 76.1199768518518 76.1199768518518 80 80 81.200625 84.3666666666667
2130612042 黄春柳 21电子1 95 95 85.0517361111111 85.0517361111111 70.7466203703704 70.7466203703704 94.157337962963 94.157337962963 88.118912037037 88.118912037037 69.3509953703704 69.3509953703704 69.079375 69.079375 60 60 80 80
2130612043 覃升飞 21电子1 85.0691666666667 85.0691666666667 60 91.1933333333333 91.1933333333333 80.3761342592593 80.3761342592593 84.9585185185185 84.9585185185185 79.8018055555556 79.8018055555556 87.9018287037037 87.9018287037037 96.410787037037 95 95 96.0092361111111
2130612044 覃剑宇 21电子1 65 65 65 65 65 65 65 65 66.1780324074074 66.1780324074074 73.4827314814815 73.4827314814815 65.1966666666667 65.1966666666667 60 60 60 60
2130612045 朱幼军 21电子1 65 65 65 65 65 65 65 65 68.1320833333333 68.1320833333333 72.9456944444444 72.9456944444444 81.0455092592593 81.0455092592593 80 80 81.7952777777778 84.9633564814815
2130722083 刘意婷 21电子1 60 100 100 87.8768055555555 87.8768055555555 94.3137037037037 94.3137037037037 80.185 80.185 65 65 65 65 87.1633796296296 86.8667592592593 89.23125 80
