2130621001 胡珑剑 21制造1 60 65 65 65 65 65 65 60 60 60 81.6969444444444 80 80 80
2130621002 秦泽锋 21制造1 79.1605324074074 79.1605324074074 76.6645601851852 76.6645601851852 79.9502083333333 79.9502083333333 65 65 65 65 65 65 75.22625 75.22625 98.8891898148148 81.7034953703704 84.9767824074074 95.524537037037
2130621003 周帅 21制造1 65 65 65 65 65 65 65 65 60 60 60 60 60 60 60
2130621004 陆婉君 21制造1 81.8398148148148 81.8398148148148 60 88.5648148148148 88.5648148148148 99.0468518518519 99.0468518518519 94.811875 94.811875 89.9164583333333 89.9164583333333 65 65 60 60 60 60
2130621005 赵明杰 21制造1 95 95 100 100 99.1054398148148 99.1054398148148 60 91.4478009259259 91.4478009259259 86.8082638888889 86.8082638888889 99.9753009259259 99.9753009259259 85.0009259259259 95 85.0024768518519 84.9752083333333
2130621006 郭泉鑫 21制造1 65 65 100 100 94.6262268518519 94.6262268518519 85.494375 85.494375 85 85 66.8898842592593 66.8898842592593 75.4369444444444 75.4369444444444 84.9999768518519 95 84.8583564814815 80
2130621007 王金龙 21制造1 65 65 65 65 65 65 65 65 60 60 60 81.6207175925926 60 80 80
2130621008 高子翔 21制造1 65 65 65 65 60 65 65 65 65 65 65 75.2814583333333 75.2814583333333 60 60 60 60
2130621009 许高铭 21制造1 65 65 65 65 65 65 65 65 60 60 60 60 60 60 60
2130621010 黄俊鹏 21制造1 65 65 65 65 65 65 65 65 60 60 60 60 60 60 60
2130621011 叶锦攀 21制造1 85.8363425925926 85.8363425925926 100 100 97.0226851851852 97.0226851851852 96.1072453703704 96.1072453703704 66.7686574074074 66.7686574074074 69.982037037037 69.982037037037 83.1499537037037 83.1499537037037 85.0082407407407 95 95 98.7525694444444
2130621012 余鑫 21制造1 75.5370138888889 75.5370138888889 60 72.4896759259259 72.4896759259259 82.0793287037037 82.0793287037037 77.4110648148148 77.4110648148148 66.8753240740741 66.8753240740741 80.0437268518519 80.0437268518519 80 80 80 80
2130621013 韦晓梅 21制造1 81.1875462962963 81.1875462962963 92.1125 92.1125 82.8439351851852 82.8439351851852 95.8069907407407 95.8069907407407 100 100 79.925462962963 79.925462962963 93.0934259259259 93.0934259259259 100 95 95 100
2130621014 蒋膑德 21制造1 77.1664583333333 77.1664583333333 65 65 65 65 65 65 60 60 60 60 60 60 60
2130621015 何倩 21制造1 86.2586805555556 86.2586805555556 60 70.5319675925926 70.5319675925926 83.4310648148148 83.4310648148148 91.4761342592593 91.4761342592593 84.9874768518519 84.9874768518519 84.1509722222222 84.1509722222222 60 60 60 60
2130621016 杨新锋 21制造1 65 65 65 65 65 65 65 65 60 60 60 60 60 60 60
2130621017 龙琪 21制造1 65 65 65 65 70.2922222222222 70.2922222222222 65 65 65 65 65 65 60 60 60 60 60
2130621018 唐立昊 21制造1 77.4242592592593 77.4242592592593 65 65 69.1207175925926 69.1207175925926 65 65 65 65 65 65 70.1538888888889 70.1538888888889 60 60 60 60
2130621019 盘娟 21制造1 87.0706018518518 87.0706018518518 78.9216666666667 78.9216666666667 94.776412037037 94.776412037037 100 100 60 87.8218981481482 87.8218981481482 100 100 100 95 85.0018981481481 80
2130621020 蒋传玉 21制造1 81.2331712962963 81.2331712962963 65 65 76.0275925925926 76.0275925925926 65 65 65 65 65 65 73.6323842592593 73.6323842592593 60 60 80 85.0049074074074
2130621021 朱小榕 21制造1 86.1032407407407 86.1032407407407 96.8028703703704 96.8028703703704 100 100 100 100 100 100 95 95 99.2832638888889 99.2832638888889 94.4049768518519 95 85.0023148148148 80
2130621022 陈晓淋 21制造1 81.2338425925926 81.2338425925926 100 100 65 65 65 65 65 65 65 65 77.2061805555556 77.2061805555556 84.9600462962963 84.9617361111111 80 88.4804398148148
2130621023 李海清 21制造1 77.9328935185185 77.9328935185185 96.1251851851852 96.1251851851852 100 100 90.9728009259259 90.9728009259259 100 100 95 95 89.7212037037037 89.7212037037037 87.1532638888889 95 85.0022916666667 80
2130621024 蔡晓梅 21制造1 85.332962962963 85.332962962963 82.7227546296296 82.7227546296296 86.4347453703704 86.4347453703704 60 60 74.1688888888889 74.1688888888889 84.2191666666667 84.2191666666667 60 60 60 60
2130621025 吴晓莲 21制造1 79.4094675925926 79.4094675925926 96.7376851851852 96.7376851851852 100 100 99.4467592592593 99.4467592592593 82.9482407407407 82.9482407407407 95 95 100 100 84.9999537037037 84.9982638888889 85.0024305555555 84.9746527777778
2130621026 黄见贤 21制造1 65 65 65 65 66 66 78.9626157407407 78.9626157407407 65 65 65 65 76.9978703703704 76.9978703703704 100 60 60 60
2130621027 黄达轩 21制造1 65 65 65 65 65 65 65 65 65 65 65 65 75.7252314814815 75.7252314814815 60 60 60 60
2130621029 张春艳 21制造1 86.9758333333333 86.9758333333333 86.0489583333333 86.0489583333333 76.7428009259259 76.7428009259259 95.6663425925926 95.6663425925926 98.157337962963 98.157337962963 100 100 100 100 60 60 60 60
2130621030 谢廷楷 21制造1 65 65 65 65 65 65 65 65 60 60 60 60 60 60 60
2130621031 梁臣培 21制造1 87.0459027777778 87.0459027777778 60 92.4627083333333 92.4627083333333 80.1828240740741 80.1828240740741 60 88.2742824074074 88.2742824074074 60 60 60 60 60
2130621032 何瑶 21制造1 77.103912037037 77.103912037037 60 100 100 100 100 94.7855092592593 94.7855092592593 90.3614814814815 90.3614814814815 87.5374074074074 87.5374074074074 84.9995833333333 95 85.0025925925926 80
2130621033 周敏姨 21制造1 75.6700231481481 75.6700231481481 81.1414351851852 81.1414351851852 96.9939814814815 96.9939814814815 82.0462037037037 82.0462037037037 81.1361111111111 81.1361111111111 71.0487731481481 71.0487731481481 75.0154398148148 75.0154398148148 95.6071296296296 82.3394675925926 85.5997453703704 96.1593518518519
2130621034 李雯 21制造1 87.079837962963 87.079837962963 85 85 100 100 100 100 100 100 95.900162037037 95.900162037037 98.2097685185185 98.2097685185185 85 85.0029166666667 85.0025462962963 60
2130621035 覃德荣 21制造1 65 65 65 65 65 65 65 65 60 60 60 60 60 60 60
2130621036 马顺栋 21制造1 95 95 95.2259953703704 95.2259953703704 100 100 100 100 91.4841203703704 91.4841203703704 95 95 100 100 98.554537037037 84.9933564814815 95 98.7598842592593
2130621037 廖家豪 21制造1 83.1339351851852 83.1339351851852 84.5082175925926 84.5082175925926 100 100 85.2624305555556 85.2624305555556 94.6002777777778 94.6002777777778 65 65 73.6261574074074 73.6261574074074 60 60 80 84.9752777777778
2130621038 张兰芳 21制造1 87.0754398148148 87.0754398148148 60 65 65 71.8197453703704 71.8197453703704 80.7180092592593 80.7180092592593 86.3549768518519 86.3549768518519 99.5219212962963 99.5219212962963 99.5173611111111 95 96.1562268518519 100
2130621039 陈安琪 21制造1 85.8526388888889 85.8526388888889 71.1380092592593 71.1380092592593 65 65 65 65 66.7859027777778 66.7859027777778 74.363125 74.363125 60 60 60 60 60
2130621040 赵茗智 21制造1 85.8210416666667 85.8210416666667 80.1716898148148 80.1716898148148 70.1113425925926 70.1113425925926 65 65 65 65 65 65 65 65 60 60 60 60
2130621041 农晓琪 21制造1 77.8405555555556 77.8405555555556 94.9811342592593 94.9811342592593 100 100 60 100 100 87.9779166666667 87.9779166666667 87.574537037037 87.574537037037 81.7236111111111 81.7278703703704 85 60
2130621042 黄善洲 21制造1 85.8294675925926 85.8294675925926 78.3894444444445 78.3894444444445 66.505462962963 66.505462962963 68.1346064814815 68.1346064814815 77.4739814814815 77.4739814814815 71.0478240740741 71.0478240740741 81.0234259259259 81.0234259259259 100 95 95 95.4756018518518
2130621043 韦莎 21制造1 75.2049537037037 75.2049537037037 84.1371296296296 84.1371296296296 65 65 69.6573611111111 69.6573611111111 70.4028240740741 70.4028240740741 77.9729861111111 77.9729861111111 79.5047916666667 79.5047916666667 100 84.9999768518519 80 87.3474768518519
2130621044 廖庆游 21制造1 87.1042824074074 87.1042824074074 65 65 86.4586574074074 86.4586574074074 99.42 99.42 60 100 100 100 100 99.016412037037 95 95 98.8528935185185
2130621045 贺子杭 21制造1 65 65 65 65 65 65 65 65 78.2066898148148 78.2066898148148 65 65 75.0174537037037 75.0174537037037 60 60 60 60
2130621046 燕梓 21制造1 83.6442361111111 83.6442361111111 94.9534259259259 94.9534259259259 100 100 100 100 100 100 95 95 100 100 100 85.0027777777778 85.0022453703704 84.9616435185185
2130621047 邓钧涛 21制造1 65 65 65 65 65 65 73.5746296296296 73.5746296296296 65 65 65 65 71.3598611111111 71.3598611111111 60 60 60 60
2130621048 周骏捷 21制造2 83.844375 83.844375 100 100 100 100 100 100 99.4001157407407 99.4001157407407 84.619212962963 84.619212962963 97.7530092592593 97.7530092592593 100 85.0007638888889 85.0010185185185 84.9765972222222
2130621049 何利豪 21制造2 86.2596064814815 86.2596064814815 93.2938888888889 93.2938888888889 100 100 85.0428240740741 85.0428240740741 94.3823148148148 94.3823148148148 95 95 60 95.7195601851852 82.4666898148148 95 96.2915046296296
2130621050 罗柳连 21制造2 95 95 100 100 100 100 99.3724305555556 99.3724305555556 100 100 88.3183333333333 88.3183333333333 87.5409953703704 87.5409953703704 84.9887268518519 84.9170601851852 95 98.7421064814815
2130621051 张景宇 21制造2 84.284837962963 84.284837962963 100 100 100 100 100 100 98.9338888888889 98.9338888888889 85 85 84.1594444444444 84.1594444444444 60 60 80 85
2130621052 岳福军 21制造2 85 85 65 65 100 100 96.1455324074074 96.1455324074074 94.2044907407407 94.2044907407407 85.0012037037037 85.0012037037037 97.6897222222222 97.6897222222222 95.1195138888889 80.9612268518518 80 88.320462962963
2130621054 韦丽明 21制造2 87.0923148148148 87.0923148148148 100 100 100 100 100 100 100 100 95 95 84.2188194444444 84.2188194444444 100 60 80 86.4675
2130621055 蒋荣丽 21制造2 87.0580324074074 87.0580324074074 100 100 100 100 100 100 100 100 95 95 98.1653240740741 98.1653240740741 95.6123842592593 60 80 84.9755555555556
2130621056 林利红 21制造2 87.1075925925926 87.1075925925926 100 100 100 100 100 100 100 100 97.7392592592593 97.7392592592593 79.1270138888889 79.1270138888889 84.9964583333333 85 80 84.9745833333333
2130621057 申磊 21制造2 87.0070138888889 87.0070138888889 100 100 100 100 100 100 80.9027546296296 80.9027546296296 88.285162037037 88.285162037037 98.1819212962963 98.1819212962963 84.9999537037037 95 85.0025925925926 60
2130621058 廖颖洁 21制造2 87.0718055555556 87.0718055555556 100 100 100 100 100 100 100 100 88.2780324074074 88.2780324074074 84.2597685185185 84.2597685185185 98.894212962963 60 60 60
2130621059 李倩 21制造2 95 95 97.0889583333333 97.0889583333333 100 100 96.0871064814815 96.0871064814815 100 100 88.3228703703704 88.3228703703704 98.2084027777778 98.2084027777778 80 80 85.0025 88.4328703703704
2130621060 车增海 21制造2 65 65 94.7118518518518 94.7118518518518 100 100 73.0683333333333 73.0683333333333 82.4047916666667 82.4047916666667 65 65 84.2083564814815 84.2083564814815 85.0070601851852 95 84.999375 84.9209259259259
2130621062 易钰婷 21制造2 95 95 100 100 100 100 100 100 96.9800462962963 96.9800462962963 95 95 98.2083796296296 98.2083796296296 84.9995833333333 85.0021759259259 85.0019444444444 95.4462268518518
2130621063 程石柳 21制造2 81.0315740740741 81.0315740740741 100 100 100 100 100 100 92.8726388888889 92.8726388888889 85.1091898148148 85.1091898148148 87.516087962963 87.516087962963 84.928912037037 84.9249537037037 95 98.7455092592593
2130621064 黄国富 21制造2 86.8765277777778 86.8765277777778 100 100 98.0896296296296 98.0896296296296 96.1883796296296 96.1883796296296 94.7124305555556 94.7124305555556 88.3422916666667 88.3422916666667 73.5449768518519 73.5449768518519 95.6036805555556 85.0024074074074 85.0025694444444 80
2130621065 许天禧 21制造2 75.5316898148148 75.5316898148148 100 100 83.075 83.075 95.9450694444444 95.9450694444444 100 100 60 100 100 100 60 60 60
2130621066 张健榕 21制造2 65 65 65 65 65 65 65 65 65 65 65 65 73.7184953703704 73.7184953703704 84.9982175925926 85.0030092592593 85.0027083333333 80
2130621068 潘志恒 21制造2 87.0527314814815 87.0527314814815 94.1950462962963 94.1950462962963 65 65 65 65 65.1484027777778 65.1484027777778 72.7187731481481 72.7187731481481 85.8866435185185 85.8866435185185 82.4813194444444 82.4941203703704 80.1800231481482 90.740162037037
2130621069 杨桂艳 21制造2 87.102662037037 87.102662037037 100 100 100 100 100 100 100 100 88.3102777777778 88.3102777777778 98.1762962962963 98.1762962962963 95.5908333333333 85.001712962963 60 60
2130621070 张庭瑀 21制造2 86.9666666666667 86.9666666666667 92.2050231481481 92.2050231481481 65 65 65 65 65 65 65 65 65 65 84.9845601851852 60 80 84.9767592592593
2130621071 黎孔带 21制造2 95 95 100 100 100 100 99.1909027777778 99.1909027777778 90.398912037037 90.398912037037 88.377337962963 88.377337962963 98.1424537037037 98.1424537037037 84.9993518518519 85.001412037037 85.0023611111111 95.4479398148148
2130621072 赵德海 21制造2 95 95 100 100 100 100 100 100 100 100 95 95 99.0260416666667 99.0260416666667 95.6021759259259 85.0022916666667 85.0017592592593 81.5088194444444
2130621073 苏北华 21制造2 95 95 100 100 100 100 99.4136805555556 99.4136805555556 86.697962962963 86.697962962963 95 95 87.5382638888889 87.5382638888889 60 60 80 82.5387731481482
2130621075 黎容春 21制造2 86.2443518518518 86.2443518518518 96.0353009259259 96.0353009259259 65 65 85.4709953703704 85.4709953703704 80.7183333333333 80.7183333333333 71.046712962963 71.046712962963 98.2240277777778 98.2240277777778 60 60 60 60
2130621076 刘和运 21制造2 83.4357407407407 83.4357407407407 65 65 65 65 65 65 65 65 65 65 85 85 60 84.9955787037037 85.0023148148148 84.9738425925926
2130621077 容彬焯 21制造2 95 95 65 65 65 65 69.1689814814815 69.1689814814815 65 65 65 65 72.1962731481482 72.1962731481482 80 80 80 80
2130621078 黎雨婷 21制造2 83.1275462962963 83.1275462962963 65 65 83.2329166666667 83.2329166666667 96.1925694444444 96.1925694444444 78.5719907407407 78.5719907407407 67.7689351851852 67.7689351851852 80.9369444444444 80.9369444444444 84.9024074074074 84.9074305555555 95 98.7351157407407
2130621079 张家辉 21制造2 65 65 65 65 65 65 65 65 65 65 65 65 65 65 60 60 80 80
2130621080 陈生荣 21制造2 75.5377777777778 75.5377777777778 74.1870601851852 74.1870601851852 90.0393287037037 90.0393287037037 69.7406018518518 69.7406018518518 79.0775925925926 79.0775925925926 65.782037037037 65.782037037037 78.9503240740741 78.9503240740741 80 80 80 80
2130621081 陈炳璋 21制造2 86.1369675925926 86.1369675925926 68.6513425925926 68.6513425925926 69.9044212962963 69.9044212962963 65 65 68.3690046296296 68.3690046296296 72.3918981481481 72.3918981481481 85.5595833333333 85.5595833333333 60 60 80 80
2130621082 罗冬萍 21制造2 87.0596527777778 87.0596527777778 100 100 100 100 100 100 100 100 90.0166435185185 90.0166435185185 79.0781018518519 79.0781018518519 80 80 80 60
2130621083 黄明麒 21制造2 75.5403240740741 75.5403240740741 65 65 65 65 68.1240509259259 68.1240509259259 65 65 65 65 65 65 80 80 80 80
2130621084 贺忠敏 21制造2 95 95 100 100 100 100 100 100 100 100 95 95 75.3188657407407 75.3188657407407 60 60 84.8904861111111 86.6295833333333
2130621085 吴艳芳 21制造2 95 95 100 100 100 100 100 100 100 100 95 95 99.0425231481481 99.0425231481481 96.4904398148148 84.5855092592593 95 98.4144444444444
2130621086 韦丹 21制造2 86.242662037037 86.242662037037 86.0641666666667 86.0641666666667 100 100 96.0870601851852 96.0870601851852 91.4317592592593 91.4317592592593 95 95 98.1587962962963 98.1587962962963 84.9999537037037 85.0023842592593 80 85.0053703703704
2130621087 黄宏雅 21制造2 75.0939351851852 75.0939351851852 100 100 98.5085648148148 98.5085648148148 94.9938425925926 94.9938425925926 96.2451851851852 96.2451851851852 72.0138888888889 72.0138888888889 85.1790277777778 85.1790277777778 82.6042824074074 82.5978240740741 80 82.3786111111111
2130621088 何玉玲 21制造2 87.0946759259259 87.0946759259259 100 100 98.3140046296296 98.3140046296296 100 100 80.4402083333333 80.4402083333333 88.0063425925926 88.0063425925926 87.467662037037 87.467662037037 84.9177083333333 84.9195138888889 95 98.744212962963
2130621089 韦武崇 21制造2 95 95 65 65 65 65 65 65 65 65 60 79.0565740740741 79.0565740740741 80 80 80 90.325625
2130621090 辛佳缘 21制造2 95 95 100 100 100 100 100 100 100 100 90.3991203703704 90.3991203703704 98.2186805555556 98.2186805555556 84.9047453703704 84.9081481481481 95 98.7358101851852
2130621091 范晓庆 21制造2 95 95 100 100 100 100 100 100 100 100 88.279837962963 88.279837962963 98.2000925925926 98.2000925925926 86.73375 95 95 95.4530324074074
2130621092 陈晋杰 21制造2 65 65 65 65 65 65 65 65 65 65 60 60 60 60 60 60
2130621093 吴楠 21制造2 95 95 100 100 100 100 100 100 84.8167592592593 84.8167592592593 65 65 65 65 92.6172222222222 95 95.8506481481482 100
