1811111004 王士语 21数据2 86.9234027777778 86.9234027777778 100 100 100 100 91.2008333333333 91.2008333333333 81.5147453703704 81.5147453703704 90.8262037037037 90.8262037037037 91.9587268518518 91.9587268518518 86.493125 95 96.2089351851852 97.9193055555556
2030520019 曾哲恒 20土木工程1 60 99.6915509259259 99.6915509259259 100 100 100 100 65 65 67.6672916666667 67.6672916666667 68.7055324074074 68.7055324074074 60 60 60 60
2130724022 农艳莹 21数据2 95 95 65 65 87.0200694444444 87.0200694444444 78.3246759259259 78.3246759259259 89.0295138888889 89.0295138888889 100 100 92.5019907407407 92.5019907407407 95 95 96.8543287037037 98.5677314814815
2130724028 卢月艳 21数据2 95 95 65 65 65 65 65 65 65 65 78.6516898148148 78.6516898148148 68.0618287037037 68.0618287037037 60 60 60 60
2130726063 谭贵育 21数据1 69.8635185185185 69.8635185185185 65 65 65 65 65 65 65 65 77.748587962963 77.748587962963 78.954375 78.954375 80 60 60 60
2130823001 曾勇 21数据1 84.6781481481482 84.6781481481482 65 65 65 65 65 65 60 60 60 80 80 80 80
2130823002 管庆胜 21数据1 65.3837268518518 65.3837268518518 73.1550694444445 73.1550694444445 74.6927083333333 74.6927083333333 68.3951157407407 68.3951157407407 65.1028703703704 65.1028703703704 84.9358796296296 84.9358796296296 85 85 60 60 60 60
2130823003 何建壮 21数据1 85.1420601851852 85.1420601851852 65 65 65 65 65 65 60 60 60 60 60 60 60
2130823004 钟琴凤 21数据1 85.549537037037 85.549537037037 87.8942592592593 87.8942592592593 100 100 100 100 100 100 97.7524305555555 97.7524305555555 86.1585416666667 86.1585416666667 100 85.9247685185185 80 80
2130823005 孙高婷 21数据1 95 95 89.35875 89.35875 100 100 100 100 100 100 91.0071064814815 91.0071064814815 86.1535648148148 86.1535648148148 60 60 60 60
2130823006 王作杰 21数据1 91.3316435185185 91.3316435185185 65 65 65 65 85.3746527777778 85.3746527777778 75.8092361111111 75.8092361111111 60 96.827337962963 96.827337962963 100 80 80 80
2130823007 朱俊琏 21数据1 85.0546064814815 85.0546064814815 95.5119907407407 95.5119907407407 100 100 100 100 100 100 100 100 100 100 100 97.3462731481481 100 100
2130823008 黄祖纯 21数据1 85.0517824074074 85.0517824074074 65 65 75.161875 75.161875 82.4534490740741 82.4534490740741 91.5061111111111 91.5061111111111 85.3922685185185 85.3922685185185 60 60 60 82.807662037037 84.5209953703704
2130823009 黎锦娴 21数据1 83.6088425925926 83.6088425925926 73.7221990740741 73.7221990740741 90.3847222222222 90.3847222222222 65 65 65 65 60 60 80 80 80.3512268518518 82.0623148148148
2130823010 程燊梅 21数据1 84.8085185185185 84.8085185185185 89.1811574074074 89.1811574074074 100 100 100 100 100 100 100 100 94.6089583333333 94.6089583333333 100 97.3595138888889 100 100
2130823011 温舒婷 21数据1 81.4004398148148 81.4004398148148 84.884537037037 84.884537037037 89.9756018518518 89.9756018518518 96.4122685185185 96.4122685185185 77.9667361111111 77.9667361111111 85.0658101851852 85.0658101851852 60 60 60 83.2891666666667 85
2130823012 崔德培 21数据1 65 65 65 65 65 65 65 65 65 65 74.7567361111111 74.7567361111111 75.9625462962963 75.9625462962963 60 60 60 60
2130823013 黄子明 21数据1 65 65 65 65 65 65 65 65 60 60 60 60 60 84.551712962963 80
2130823014 刘方媛 21数据1 65 65 65 65 65 65 65 65 60 60 60 60 60 80 80
2130823015 林宝胜 21数据1 95 95 96.7835185185185 96.7835185185185 65 65 60 91.4750694444444 91.4750694444444 89.1323148148148 89.1323148148148 90.3379166666667 90.3379166666667 80 80 85 86.7109722222222
2130823016 陈东成 21数据1 97.4056944444444 97.4056944444444 65 65 65 65 77.255462962963 77.255462962963 67.1095138888889 67.1095138888889 86.9053472222222 86.9053472222222 60 100 60 60 60
2130823017 黄敏芳 21数据1 85.0200462962963 85.0200462962963 87.2497916666667 87.2497916666667 100 100 100 100 100 100 60 70.6689814814815 70.6689814814815 100 87.0005787037037 88.9957175925926 60
2130823018 兰羽柔 21数据1 95 95 86.8695833333333 86.8695833333333 100 100 96.4197222222222 96.4197222222222 65.0669212962963 65.0669212962963 74.7776388888889 74.7776388888889 75.9832175925926 75.9832175925926 80.849212962963 60 80 80
2130823019 黄璇 21数据1 89.6249074074074 89.6249074074074 86.9515509259259 86.9515509259259 100 100 100 100 100 100 100 100 100 100 81.5473842592593 83.8434953703704 91.2112037037037 92.9212268518519
2130823020 林恩宇 21数据1 83.3777083333333 83.3777083333333 65 65 90.1502546296296 90.1502546296296 82.3034027777778 82.3034027777778 92.802962962963 92.802962962963 98.7681712962963 98.7681712962963 70.910625 70.910625 85 95 95 96.3933101851852
2130823021 赖钰忠 21数据1 85.0256481481482 85.0256481481482 88.8715972222222 88.8715972222222 100 100 100 100 65 65 83.3331018518519 83.3331018518519 84.5259490740741 84.5259490740741 80 80 80 80
2130823022 黄文琦 21数据1 83.427337962963 83.427337962963 65 65 65 65 82.8672453703704 82.8672453703704 93.574212962963 93.574212962963 95.6344444444444 95.6344444444444 96.8402546296296 96.8402546296296 93.5041203703704 95.8273842592593 100 100
2130823023 陈柔欣 21数据1 71.0009953703704 71.0009953703704 81.9271759259259 81.9271759259259 88.6106712962963 88.6106712962963 75.1326157407407 75.1326157407407 69.0483333333333 69.0483333333333 71.3903935185185 71.3903935185185 72.595625 72.595625 95 86.0168981481481 93.4010416666667 90.9618287037037
2130823024 潘丽珍 21数据1 65 65 65 65 65 65 65 65 65 65 60 60 60 60 60 60
2130823025 杨丽琳 21数据1 85.1012037037037 85.1012037037037 99.4496064814815 99.4496064814815 100 100 100 100 93.1199305555556 93.1199305555556 83.4247222222222 83.4247222222222 84.630162037037 84.630162037037 93.5074768518518 87.0331481481481 95 96.1217824074074
2130823026 黎娜 21数据1 81.0971064814815 81.0971064814815 87.0961574074074 87.0961574074074 88.6304861111111 88.6304861111111 96.4329861111111 96.4329861111111 95.0306944444444 95.0306944444444 100 100 100 100 95 97.2366666666667 100 100
2130823027 杨超 21数据1 65 65 65 65 65 65 65 65 65 65 65.1517592592593 65.1517592592593 60 60 60 60 60
2130823028 梁雪伶 21数据1 84.7683796296296 84.7683796296296 87.0811574074074 87.0811574074074 100 100 78.7708564814815 78.7708564814815 89.4694212962963 89.4694212962963 100 100 99.9702083333333 99.9702083333333 82.6622453703704 85 92.3779861111111 94.0858101851852
2130823029 甘英美 21数据1 81.0636805555555 81.0636805555555 84.8289583333333 84.8289583333333 88.5220138888889 88.5220138888889 100 100 92.825625 92.825625 100 100 90.0762962962963 90.0762962962963 80.8030787037037 80 89.3706712962963 88.7770138888889
2130823030 黄钰婷 21数据1 89.6188425925926 89.6188425925926 82.8246759259259 82.8246759259259 100 100 100 100 100 100 100 100 86.2061805555556 86.2061805555556 80.8751851851852 83.217962962963 90.6000231481482 92.3090740740741
2130823031 梁婉婷 21数据1 86.9340740740741 86.9340740740741 87.2113657407407 87.2113657407407 100 100 96.4683101851852 96.4683101851852 93.2157407407407 93.2157407407407 83.3832175925926 83.3832175925926 84.5890509259259 84.5890509259259 84.5327546296296 86.8745138888889 94.2537962962963 95.9631944444444
2130823032 陈航源 21数据1 81.1772916666667 81.1772916666667 65 65 65 65 65 65 65 65 71.7625 71.7625 72.8639583333333 72.8639583333333 86.6497685185185 60 80 80
2130823033 关耀华 21数据1 65 65 67.6567824074074 67.6567824074074 65 65 65 65 65 65 77.7183796296296 77.7183796296296 60 60 60 60 60
2130823034 黄莫靖 21数据1 95 95 65 65 76.2672222222222 76.2672222222222 82.2983796296296 82.2983796296296 84.8980324074074 84.8980324074074 71.0560185185185 71.0560185185185 68.3190277777778 68.3190277777778 91.1066666666667 60 83.1337268518518 84.8446296296296
2130823035 韦秀 21数据1 85.1088888888889 85.1088888888889 85.5614583333333 85.5614583333333 100 100 100 100 100 100 98.9371064814815 98.9371064814815 66.3080555555556 66.3080555555556 60 60 60 60
2130823036 石雨欣 21数据1 84.6305324074074 84.6305324074074 60 65 65 68.2881944444444 68.2881944444444 65 65 66.51 66.51 67.715625 67.715625 60 60 60 60
2130823037 农舒淇 21数据1 65 65 77.5756481481481 77.5756481481481 100 100 100 100 60 60 60 60 60 60 60
2130823038 薛清玉 21数据1 83.4576388888889 83.4576388888889 88.7947916666667 88.7947916666667 100 100 100 100 100 100 98.9237962962963 98.9237962962963 86.23375 86.23375 80 80 60 60
2130823039 杨紫恒 21数据1 73.0443055555556 73.0443055555556 65 65 65 65 65 65 65 65 73.127337962963 73.127337962963 74.3325694444444 74.3325694444444 60 60 60 60
2130823040 马欣宇 21数据1 84.778125 84.778125 65 65 65 65 68.1020138888889 68.1020138888889 65 65 78.8219907407407 78.8219907407407 68.1634722222222 68.1634722222222 88.5771296296296 80 89.3746527777778 86.0981944444444
2130823041 钟月葵 21数据1 83.6388194444445 83.6388194444445 86.936412037037 86.936412037037 100 100 96.241712962963 96.241712962963 93.1307638888889 93.1307638888889 84.8211574074074 84.8211574074074 66.4866203703704 66.4866203703704 60 60 60 84.9846990740741
2130823042 许崇志 21数据1 65 65 65 65 65 65 65 65 65 65 65.2009027777778 65.2009027777778 66.4066203703704 66.4066203703704 80 80 80 80
2130823043 谭慧琳 21数据1 83.6408796296296 83.6408796296296 87.0297916666667 87.0297916666667 100 100 100 100 100 100 100 100 98.981712962963 98.981712962963 80 60 83.289212962963 85.0000925925926
2130823044 张婷玉 21数据1 69.4983564814815 69.4983564814815 85.5715277777778 85.5715277777778 65 65 69.1861805555556 69.1861805555556 79.8877777777778 79.8877777777778 81.3499074074074 81.3499074074074 82.5555092592593 82.5555092592593 80 80 86.8170138888889 88.5279166666667
2130823045 王荣旺 21数据1 69.4990509259259 69.4990509259259 65 65 65 65 65 65 65 65 66.7366898148148 66.7366898148148 67.942337962963 67.942337962963 60 60 60 60
2130823046 磨朗 21数据1 85.1197222222222 85.1197222222222 73.1821759259259 73.1821759259259 65 65 76.1985648148148 76.1985648148148 79.305625 79.305625 71.05375 71.05375 72.2407407407407 72.2407407407407 60 60 60 60
2130823047 张桂英 21数据2 95 95 95 95 100 100 100 100 100 100 60 96.9683796296296 96.9683796296296 90.9538425925926 95 80 80
2130823048 陈麓伊 21数据2 92.7358101851852 92.7358101851852 86.8157175925926 86.8157175925926 100 100 60 91.3995138888889 91.3995138888889 97.578587962963 97.578587962963 98.1380324074074 98.1380324074074 86.9082638888889 95 96.2971759259259 96.5600694444445
2130823049 唐欣欣 21数据2 80.8229166666667 80.8229166666667 85.5034027777778 85.5034027777778 90.2490277777778 90.2490277777778 86.3542824074074 86.3542824074074 91.084837962963 91.084837962963 85 85 86.1590277777778 86.1590277777778 80 60 88.9212268518519 60
2130823050 伍瑜德 21数据2 60 100 100 90.2828240740741 90.2828240740741 100 100 60 60 60 80 80 80 80
2130823051 丘心宇 21数据2 91.482662037037 91.482662037037 96.9309490740741 96.9309490740741 100 100 100 100 89.0603240740741 89.0603240740741 100 100 100 100 87.2198611111111 95 96.9356712962963 98.6449074074074
2130823052 黄丹莉 21数据2 95 95 97.0251157407407 97.0251157407407 100 100 100 100 100 100 84.9819212962963 84.9819212962963 86.1686111111111 86.1686111111111 95 97.1201388888889 60 60
2130823053 黄浩文 21数据2 60 65 65 60 72.2693518518519 72.2693518518519 65 65 60 77.868125 77.868125 60 60 60 60
2130823054 骆秋英 21数据2 60 100 100 100 100 100 100 100 100 100 100 96.875787037037 96.875787037037 91.4919907407407 60 89.3750925925926 60
2130823055 蒋源 21数据2 95 95 95 95 100 100 85 85 95.0160416666667 95.0160416666667 88.7336111111111 88.7336111111111 85.9599768518518 85.9599768518518 80 80 80 80
2130823056 蒙柳琴 21数据2 85.0925694444445 85.0925694444445 87.1588425925926 87.1588425925926 90.2071527777778 90.2071527777778 100 100 100 100 100 100 86.2502777777778 86.2502777777778 96.5226157407407 60 60 60
2130823057 胡志萍 21数据2 69.3406712962963 69.3406712962963 65 65 65 65 65 65 65 65 80.7671527777778 80.7671527777778 81.9725462962963 81.9725462962963 60 60 60 60
2130823058 何炯彩 21数据2 83.53375 83.53375 83.8717824074074 83.8717824074074 60 100 100 100 100 95.6727083333333 95.6727083333333 72.0281481481481 72.0281481481481 80 81.9684259259259 89.2877083333333 90.7041435185185
2130823059 韦薇 21数据2 84.847962962963 84.847962962963 65 65 65 65 72.7863888888889 72.7863888888889 65 65 68.7644212962963 68.7644212962963 69.9711574074074 69.9711574074074 60 60 80 80
2130823060 刘孔月 21数据2 86.7885416666667 86.7885416666667 72.8448148148148 72.8448148148148 90.3687268518518 90.3687268518518 65 65 69.7820601851852 69.7820601851852 89.6180555555556 89.6180555555556 90.8234953703704 90.8234953703704 60 60 80 80
2130823061 梁婧桦 21数据2 95 95 95.6156481481482 95.6156481481482 100 100 100 100 100 100 100 100 99.9499768518519 99.9499768518519 96.5998611111111 60 80 80
2130823062 李昌荣 21数据2 86.8953240740741 86.8953240740741 87.13375 87.13375 90.2680787037037 90.2680787037037 96.4043518518519 96.4043518518519 79.1388425925926 79.1388425925926 71.0171527777778 71.0171527777778 72.2077314814815 72.2077314814815 80 80 80 80
2130823063 崔霖 21数据2 86.8919212962963 86.8919212962963 88.9150462962963 88.9150462962963 98.5278240740741 98.5278240740741 76.3284490740741 76.3284490740741 85 85 78.7921064814815 78.7921064814815 79.9715509259259 79.9715509259259 100 83.2100462962963 90.587337962963 92.297662037037
2130823064 覃松梅 21数据2 83.4998611111111 83.4998611111111 84.9625925925926 84.9625925925926 88.7503472222222 88.7503472222222 65 65 65 65 60 60 80 60 80 80
2130823065 易绣文 21数据2 95 95 97.0720601851852 97.0720601851852 100 100 100 100 100 100 100 100 94.4297685185185 94.4297685185185 91.0764583333333 95 100 100
2130823066 梁雨婷 21数据2 85.1242824074074 85.1242824074074 83.6278240740741 83.6278240740741 60 93.169837962963 93.169837962963 100 100 88.999375 88.999375 68.3058333333333 68.3058333333333 80 80 80 80
2130823067 梁展玮 21数据2 79.8121296296296 79.8121296296296 76.9207638888889 76.9207638888889 74.0899537037037 74.0899537037037 94.2195833333333 94.2195833333333 79.2055092592593 79.2055092592593 85.0037037037037 85.0037037037037 100 100 60 60 60 60
2130823068 庞家良 21数据2 91.0853935185185 91.0853935185185 79.9599768518518 79.9599768518518 65 65 65 65 65 65 79.2045601851852 79.2045601851852 80.4101388888889 80.4101388888889 80 80 80 80
2130823069 凌志涛 21数据2 85 85 85 85 76.3206481481482 76.3206481481482 65 65 65 65 70.9460648148148 70.9460648148148 88.0158564814815 88.0158564814815 82.9546990740741 85.291712962963 92.6748842592593 94.385787037037
2130823070 郑裕炫 21数据2 89.0558796296296 89.0558796296296 85.2708101851852 85.2708101851852 94.2707407407407 94.2707407407407 92.8817592592593 92.8817592592593 60 60 60 60 60 60 60
2130823073 刘日鹏 21数据2 84.9364583333333 84.9364583333333 82.9019907407407 82.9019907407407 100 100 94.3576851851852 94.3576851851852 77.9589351851852 77.9589351851852 84.9556712962963 84.9556712962963 86.1647685185185 86.1647685185185 60 60 60 60
2130823074 李家欣 21数据2 95 95 95.5602314814815 95.5602314814815 100 100 92.8945833333333 92.8945833333333 97.0525925925926 97.0525925925926 98.9953703703704 98.9953703703704 75.9596759259259 75.9596759259259 60 60 60 60
2130823076 欧纪乾 21数据2 83.5076388888889 83.5076388888889 65 65 65 65 65 65 65 65 83.3365509259259 83.3365509259259 72.2095138888889 72.2095138888889 80 80 80 80
2130823077 胡丽娜 21数据2 95 95 89.0744444444444 89.0744444444444 100 100 100 100 92.9246759259259 92.9246759259259 84.7781944444444 84.7781944444444 85.983287037037 85.983287037037 80.7674305555555 81.5036111111111 89.3721064814815 90.7136342592593
2130823078 黄倚绣 21数据2 72.9446064814815 72.9446064814815 89.0287037037037 89.0287037037037 100 100 96.5088888888889 96.5088888888889 83.2803472222222 83.2803472222222 77.1734490740741 77.1734490740741 90.443587962963 90.443587962963 89.5971759259259 95 95 96.4517361111111
2130823079 罗德菊 21数据2 90.9572916666667 90.9572916666667 89.4410648148148 89.4410648148148 100 100 100 100 93.2147453703704 93.2147453703704 100 100 78.4411111111111 78.4411111111111 100 60 89.371875 82.5081481481482
2130823080 韦彩英 21数据2 82.7656712962963 82.7656712962963 73.2866203703704 73.2866203703704 100 100 74.8086574074074 74.8086574074074 79.1461805555556 79.1461805555556 85.029212962963 85.029212962963 86.2344907407407 86.2344907407407 60 60 60 60
2130823081 张茜茜 21数据2 95 95 87.1234953703704 87.1234953703704 100 100 100 100 100 100 100 100 100 100 86.9968287037037 95 96.7097916666667 98.4210648148148
2130823082 黄丽宁 21数据2 89.1807407407407 89.1807407407407 95 95 100 100 100 100 100 100 100 100 86.2336574074074 86.2336574074074 60 60 60 60
2130823083 黄天宇 21数据2 85.8815509259259 85.8815509259259 65 65 65 65 65 65 60 85.0205555555556 85.0205555555556 60 60 60 60 60
2130823084 邹海明 21数据2 95 95 85.7746064814815 85.7746064814815 98.5110185185185 98.5110185185185 100 100 100 100 91.3672685185185 91.3672685185185 66.5965509259259 66.5965509259259 87.2319212962963 95 96.9487962962963 98.6578240740741
2130823085 李荣健 21数据2 86.960162037037 86.960162037037 65 65 65 65 65 65 65.1854166666667 65.1854166666667 76.5884490740741 76.5884490740741 68.0720601851852 68.0720601851852 60 60 60 60
2130823086 罗光鑫 21数据2 70.8089351851852 70.8089351851852 86.8948842592593 86.8948842592593 60 68.4509259259259 68.4509259259259 79.0186574074074 79.0186574074074 84.8471296296296 84.8471296296296 60 60 60 60 60
2130823087 黄佳 21数据2 89.6210648148148 89.6210648148148 95 95 100 100 100 100 100 100 100 100 100 100 98.520162037037 95 95 96.2695601851852
2130823088 吕斌荣 21数据2 86.8637268518519 86.8637268518519 88.9116898148148 88.9116898148148 65 65 68.1026157407407 68.1026157407407 65 65 78.6941666666667 78.6941666666667 86.1849074074074 86.1849074074074 80 80 80 80
2130823089 罗嘉明 21数据2 88.8699305555556 88.8699305555556 82.7796064814815 82.7796064814815 85 85 68.2570601851852 68.2570601851852 65 65 71.0309722222222 71.0309722222222 68.2029861111111 68.2029861111111 60 60 80 80
2130823090 黎晓 21数据2 95 95 97.4500925925926 97.4500925925926 100 100 100 100 100 100 100 100 98.8596296296296 98.8596296296296 60 60 60 60
2130823091 慕小玉 21数据2 90.0235648148148 90.0235648148148 86.0662037037037 86.0662037037037 100 100 100 100 99.700462962963 99.700462962963 100 100 70.1390972222222 70.1390972222222 60 60 60 60
2131026046 贾爽爽 21数据1 69.5965740740741 69.5965740740741 73.2222916666667 73.2222916666667 76.0478009259259 76.0478009259259 96.1684490740741 96.1684490740741 65.735625 65.735625 76.6503240740741 76.6503240740741 86.8631712962963 86.8631712962963 60 60 82.1989351851852 83.9254861111111
