1810612066 鲍少兴 93 100 93 95
2130612001 刘仙华 100 100 100 95
2130612002 易丽春 98 75 100 90
2130612003 陈满峰 96 75 75 75
2130612004 周文生 100 100 100 95
2130612005 祝宇恒 98 100 93 95
2130612006 黄伟智 96 75 80 85
2130612007 梁夏荣 96 75 75 75
2130612008 谢圣焕 100 100 100 100
2130612009 罗佰强 91 75 75 75
2130612010 李舒婷 98 93 87 95
2130612011 梁丽红 91 93 100 95
2130612012 李慧勤 75 75 87 85
2130612013 韦忠蒋 98 87 87 90
2130612014 廖敬康 93 93 93 85
2130612015 韦嘉欢 98 100 100 100
2130612016 韦云 96 93 100 95
2130612017 韦宏富 95 87 100 75
2130612018 苏振杰 100 100 93 95
2130612019 施琪琪 98 100 100 100
2130612020 莫华礼 75 75 75 75
2130612021 邓慧 96 80 93 95
2130612022 陈炳均 96 100 100 75
2130612023 钟海林 98 100 93 100
2130612024 罗钧华 100 75 75 75
2130612025 罗金昌 80 100 100 75
2130612026 黄月枚 89 93 93 80
2130612027 李程斌 75 75 75 75
2130612028 何木生 75 75 75 75
2130612029 彭明萤 100 100 100 85
2130612031 何鸿洋 95 100 93 95
2130612032 钟瑞田 93 87 87 85
2130612033 陆东盈 89 100 75 75
2130612034 陈铭 98 87 100 90
2130612035 陈勇平 84 100 93 85
2130612036 杨华圣 95 100 100 100
2130612037 吕洁明 75 75 75 75
2130612038 何成宇 91 100 100 95
2130612039 梁媛媛 100 93 100 100
2130612040 林威 75 75 75 75
2130612041 梁雄全 100 100 100 100
2130612042 黄春柳 75 75 100 100
2130612043 覃升飞 93 93 87 100
2130612044 覃剑宇 75 75 75 75
2130612045 朱幼军 100 100 100 100
2130722083 刘意婷 87 87 100 90
2130516001 贺念 91 75 75 75
2130516002 覃丽婷 75 75 75 75
2130516003 莫情莉 100 100 93 100
2130516004 王小芬 95 93 100 100
2130516005 施艳芳 100 100 100 100
2130516006 吕文麒 75 75 75 75
2130516007 陈梅玲 100 93 100 100
2130516008 黄伟鹏 75 75 75 75
2130516009 王彩琴 98 93 100 100
2130516010 黄建熬 100 75 100 75
2130516011 吴代涛 91 100 100 95
2130516012 卢朝选 75 75 75 75
2130516013 滕彩桃 100 100 100 75
2130516014 梁桃 93 100 100 100
2130516015 黄福兰 96 100 100 95
2130516016 唐锋涛 93 100 93 95
2130516017 方美珉 98 93 100 90
2130516018 杨彬 100 100 93 95
2130516019 肖权友 98 93 100 90
2130516020 罗显胜 93 93 100 95
2130516021 李思作 91 93 80 90
2130516022 赵跃 91 93 87 95
2130516023 田国立 96 93 93 100
2130516024 马成兵 75 75 75 75
2130516025 常晶晶 75 75 75 75
2130516026 王一迪 95 100 100 90
2130516029 黄佳丽 87 100 100 100
2130516030 韦元明 93 93 93 90
2130516031 潘耀昊 75 75 75 75
2130516032 黄柳林 95 100 100 100
2130516033 梁翠媛 100 100 100 95
2130516034 李忠强 95 87 100 100
2130516035 覃巧巧 100 100 93 90
2130516036 王静涵 75 75 100 90
2130516037 罗燕春 98 100 100 100
2130516038 李柔 98 100 100 100
2130516039 梁仲燕 96 75 100 90
2130516040 覃唯乐 96 75 100 90
2130516041 黄慧莹 100 100 100 90
2130516042 庞紫颜 75 75 75 75
2130516043 王文凤 98 100 100 95
2130516044 杨惠 75 75 75 75
