2140615002 梁裕杰 91 100 100 100
2140615003 宋鹏飞 87.2 86.6 93.4 85
2140615005 吴康玲 100 100 75 100
2140615006 方炼金 96.4 93.4 100 95
2140615007 李绘 92.8 100 100 100
2140615009 康岳良 75 75 75 75
2140615010 潘田甜 94.6 100 100 95
2140615011 吴健楠 94.6 80 100 100
2140615012 胡雅婷 100 100 100 100
2140615014 黄勇斌 94.6 86.6 86.6 100
2140615015 莫福柑 100 100 100 95
2140615016 吴金萍 92.8 86.6 100 100
2140615017 黎俊豪 96.4 93.4 93.4 100
2140615018 梁灿金 100 100 100 100
2140615020 陈汉达 100 100 100 100
2140615022 李大卫 91 100 93.4 90
2140615024 冯铭 94.6 100 100 95
2140615027 李丰原 100 100 100 100
2140615028 周诗淇 100 100 100 100
2140615030 吴创瀮 96.4 100 100 95
2140615031 刘伟清 96.4 100 100 100
2140615032 冯自吉 96.4 100 100 100
2140615033 冯自俊 94.6 93.4 100 95
2140615034 黄子茵 94.6 80 100 95
2140615035 罗家敏 100 100 100 100
2140615036 曾福 75 93.4 100 85
2140615037 谭富蓉 100 93.4 86.6 100
2140615038 蒙嘉强 91 86.6 80 95
2140615039 梁保江 100 100 100 100
2140615040 陆舒琴 100 93.4 100 100
2140615041 王邦官 94.6 80 93.4 95
2140615042 杨成兄 92.8 75 75 90
2140615044 覃彩娜 94.6 80 100 100
2140615045 罗香华 100 93.4 100 100
2140615046 黄仁敢 98.2 80 100 100
2140615047 蒙汉鹏 92.8 100 100 100
2140615049 张玉康 100 93.4 100 100
2140615050 庞煜光 100 100 100 100
2141327042 江金璐 94.6 86.6 100 85
