2140615002 梁裕杰 21应电（专） 95 95 99.0152314814815 100 100 100 100
2140615003 宋鹏飞 21应电（专） 95 95 80 85.0034259259259 82.0799074074074 81.4067824074074 81.2536111111111
2140615005 吴康玲 21应电（专） 95 95 80 84.9615509259259 70 81.3633101851852 81.2116666666667
2140615006 方炼金 21应电（专） 65 65 99.6687268518519 85.0089351851852 95 95 95
2140615007 李绘 21应电（专） 95 95 99.4122453703704 84.9659027777778 95 95 95
2140615009 康岳良 21应电（专） 95 95 70 70 70 70 81.2177546296296
2140615010 潘田甜 21应电（专） 95 95 97.6895138888889 100 100 100 100
2140615011 吴健楠 21应电（专） 95 95 99.5474537037037 100 95 95 99.4815277777778
2140615012 胡雅婷 21应电（专） 95 95 99.6675925925926 100 95 95 95
2140615014 黄勇斌 21应电（专） 95 95 95 100 100 100 81.4050231481481
2140615015 莫福柑 21应电（专） 65 65 80 82.9666203703704 80.051412037037 80 80
2140615016 吴金萍 21应电（专） 85 85 97.4428009259259 85.017037037037 95 95 95
2140615017 黎俊豪 21应电（专） 65 65 95 100 100 100 100
2140615018 梁灿金 21应电（专） 79.7006481481481 79.7006481481481 80 82.8397222222222 80 80 80
2140615020 陈汉达 21应电（专） 79.1227546296296 79.1227546296296 80 95 82.116412037037 81.431412037037 81.2776388888889
2140615022 李大卫 21应电（专） 70 80 95 82.1399768518519 81.4668518518519 81.3237037037037
2140615024 冯铭 21应电（专） 65 65 95 95 95 95 95
2140615027 李丰原 21应电（专） 80.0149074074074 80.0149074074074 80 95 95 95 95
2140615028 周诗淇 21应电（专） 95 95 95 84.9209953703704 81.9965277777778 81.3224768518518 81.1708796296296
2140615030 吴创瀮 21应电（专） 65 65 80 81.7963425925926 85 84.3422453703704 84.8336111111111
2140615031 刘伟清 21应电（专） 84.9999537037037 84.9999537037037 95.801875 84.9632638888889 85.0136805555556 84.3403472222222 84.1946296296296
2140615032 冯自吉 21应电（专） 95 95 95 100 95 95 95
2140615033 冯自俊 21应电（专） 95 95 98.8211574074074 83.0923842592593 95 85.1594907407407 85.005462962963
2140615034 黄子茵 21应电（专） 78.382662037037 78.382662037037 84.9379861111111 100 100 100 100
2140615035 罗家敏 21应电（专） 97.058587962963 97.058587962963 95 100 95 95 95
2140615036 曾福 21应电（专） 65 65 70 84.9939583333333 82.0665509259259 81.3928472222222 95
2140615037 谭富蓉 21应电（专） 95 95 89.0792361111111 100 100 100 100
2140615038 蒙嘉强 21应电（专） 65 65 80 83.6555324074074 80.7313425925926 80.0581944444444 80
2140615039 梁保江 21应电（专） 79.5614351851852 79.5614351851852 89.2961111111111 95 95 95 81.2721990740741
2140615040 陆舒琴 21应电（专） 95 95 85.3076157407407 84.966412037037 85.0190740740741 84.342962962963 84.1908564814815
2140615041 王邦官 21应电（专） 95 95 80 95 82.1324768518518 81.4645601851852 81.3176388888889
2140615042 杨成兄 21应电（专） 65 65 95 100 100 100 100
2140615044 覃彩娜 21应电（专） 81.0642592592593 81.0642592592593 80 100 99.686712962963 87.6654398148148 95
2140615045 罗香华 21应电（专） 85.6105092592593 85.6105092592593 85 100 100 100 100
2140615046 黄仁敢 21应电（专） 76.2800925925926 76.2800925925926 95 85.0108101851852 82.0440740740741 87.008287037037 86.8628472222222
2140615047 蒙汉鹏 21应电（专） 70 80 84.9397916666667 85.6753703703704 85 84.9406481481481
2140615049 张玉康 21应电（专） 95 95 99.0365972222222 85.0124768518519 82.0941435185185 81.4260185185185 85
2140615050 庞煜光 21应电（专） 95 95 99.6861342592593 85 85.7747916666667 85.0977777777778 84.9570833333333
2141327042 江金璐 21应电（专） 77.0537037037037 77.0537037037037 97.1537268518519 84.6100462962963 95 95 95
