2030520019 曾哲恒 75 75 75 75
2130726063 谭贵育 93 75 75 75
2130823001 曾勇 93 100 87 100
2130823002 管庆胜 75 75 75 75
2130823003 何建壮 75 75 75 75
2130823004 钟琴凤 98 93 93 95
2130823005 孙高婷 75 75 75 75
2130823006 王作杰 85 93 87 90
2130823007 朱俊琏 98 100 93 100
2130823008 黄祖纯 75 75 93 85
2130823009 黎锦娴 98 87 100 100
2130823010 程燊梅 100 100 87 100
2130823011 温舒婷 75 75 100 95
2130823012 崔德培 75 75 75 75
2130823013 黄子明 75 75 87 90
2130823014 刘方媛 75 75 100 90
2130823015 林宝胜 98 87 80 85
2130823016 陈东成 82 75 75 75
2130823017 黄敏芳 98 93 93 75
2130823018 兰羽柔 98 75 100 95
2130823019 黄璇 95 93 100 100
2130823020 林恩宇 91 87 87 100
2130823021 赖钰忠 93 87 87 90
2130823022 黄文琦 98 100 93 95
2130823023 陈柔欣 93 87 93 95
2130823024 潘丽珍 75 75 75 75
2130823025 杨丽琳 96 100 100 95
2130823026 黎娜 91 93 93 95
2130823027 杨超 75 75 75 75
2130823028 梁雪伶 96 100 93 100
2130823029 甘英美 100 93 100 100
2130823030 黄钰婷 93 93 100 100
2130823031 梁婉婷 93 93 87 85
2130823032 陈航源 95 75 100 95
2130823033 关耀华 75 75 75 75
2130823034 黄莫靖 91 75 87 85
2130823035 韦秀 75 75 75 75
2130823036 石雨欣 75 75 75 75
2130823037 农舒淇 75 75 75 75
2130823038 薛清玉 91 80 75 75
2130823039 杨紫恒 75 75 75 75
2130823040 马欣宇 89 87 100 95
2130823041 钟月葵 75 75 75 90
2130823042 许崇志 100 87 100 100
2130823043 谭慧琳 100 75 100 95
2130823044 张婷玉 98 100 93 90
2130823045 王荣旺 75 75 75 75
2130823046 磨朗 75 75 75 75
2131026046 贾爽爽 75 75 100 95
1811111004 王士语 96 100 93 100
2130724022 农艳莹 98 100 100 100
2130724028 卢月艳 75 75 75 75
2130823047 张桂英 95 93 100 95
2130823048 陈麓伊 98 93 100 100
2130823049 唐欣欣 100 75 100 75
2130823050 伍瑜德 93 80 100 95
2130823051 丘心宇 93 93 93 100
2130823052 黄丹莉 98 100 75 75
2130823053 黄浩文 75 75 75 75
2130823054 骆秋英 98 75 100 75
2130823055 蒋源 100 93 93 95
2130823056 蒙柳琴 98 75 75 75
2130823057 胡志萍 75 75 75 75
2130823058 何炯彩 88 100 93 95
2130823059 韦薇 75 75 100 100
2130823060 刘孔月 75 75 100 95
2130823061 梁婧桦 98 75 100 95
2130823062 李昌荣 87 87 87 90
2130823063 崔霖 96 87 100 95
2130823064 覃松梅 95 75 93 85
2130823065 易绣文 98 93 93 95
2130823066 梁雨婷 96 93 100 100
2130823067 梁展玮 75 75 75 75
2130823068 庞家良 100 93 93 100
2130823069 凌志涛 95 87 87 100
2130823070 郑裕炫 75 75 75 75
2130823073 刘日鹏 75 75 75 75
2130823074 李家欣 75 75 75 75
2130823076 欧纪乾 89 87 100 95
2130823077 胡丽娜 98 100 100 95
2130823078 黄倚绣 95 75 87 100
2130823079 罗德菊 93 75 87 85
2130823080 韦彩英 75 75 75 75
2130823081 张茜茜 80 100 80 80
2130823082 黄丽宁 75 75 75 75
2130823083 黄天宇 75 75 75 75
2130823084 邹海明 85 87 87 90
2130823085 李荣健 75 75 75 75
2130823086 罗光鑫 75 75 75 75
2130823087 黄佳 95 80 87 100
2130823088 吕斌荣 98 87 87 85
2130823089 罗嘉明 75 75 100 100
2130823090 黎晓 75 75 75 75
2130823091 慕小玉 75 75 75 75
