序号 学号 姓名 班级 课程作业（40%） 课程表现（40%） 课堂考勤（20%） 成绩
1 2140615002 梁裕杰 21应电（专） 100 80 100 60 100 100 100 71 100 100 100 100 100 96
2 2140615003 宋鹏飞 21应电（专） 95 60 49 60 60 67 60 60 100 88 83 93 100 82
3 2140615005 吴康玲 21应电（专） 95 70 100 100 100 100 100 100 0 92 87 97 100 91
4 2140615006 方炼金 21应电（专） 100 100 100 82 67 100 75 71 100 96 92 100 100 94
5 2140615007 李绘 21应电（专） 100 100 100 64 100 100 100 71 100 100 100 100 100 97
6 2140615009 康岳良 21应电（专） 98 100 100 60 100 100 0 0 0 83 78 88 100 78
7 2140615010 潘田甜 21应电（专） 90 100 100 73 100 100 75 86 100 100 100 100 100 97
8 2140615011 吴健楠 21应电（专） 98 100 69 73 60 100 100 60 100 100 100 100 100 94
9 2140615012 胡雅婷 21应电（专） 97 80 100 100 100 100 100 100 100 100 100 100 100 99
10 2140615014 黄勇斌 21应电（专） 99 100 99 73 60 60 100 60 100 100 100 100 100 93
11 2140615015 莫福柑 21应电（专） 100 100 80 100 100 100 75 100 100 87 82 92 100 93
12 2140615016 吴金萍 21应电（专） 94 75 100 64 60 100 100 100 100 97 94 100 100 94
13 2140615017 黎俊豪 21应电（专） 94 100 100 82 67 67 100 86 100 98 96 100 100 94
14 2140615018 梁灿金 21应电（专） 98 100 100 100 100 100 100 100 100 90 85 95 100 96
15 2140615020 陈汉达 21应电（专） 100 100 100 100 100 100 100 100 100 93 88 98 100 97
16 2140615022 李大卫 21应电（专） 90 100 100 100 100 100 100 100 0 92 87 97 100 92
17 2140615024 冯铭 21应电（专） 95 80 100 73 100 100 75 100 100 99 98 100 100 96
18 2140615027 李丰原 21应电（专） 99 95 100 100 100 100 100 100 100 99 98 100 100 99
19 2140615028 周诗淇 21应电（专） 100 60 100 100 100 100 100 100 100 97 94 100 100 97
20 2140615030 吴创瀮 21应电（专） 80 100 100 82 100 100 75 86 100 88 83 93 100 92
21 2140615031 刘伟清 21应电（专） 95 100 100 82 100 100 100 100 100 93 88 98 100 96
22 2140615032 冯自吉 21应电（专） 94 100 100 82 100 100 100 100 100 100 100 100 100 99
23 2140615033 冯自俊 21应电（专） 95 80 100 73 67 100 75 100 100 97 94 100 100 94
24 2140615034 黄子茵 21应电（专） 97 85 100 73 60 100 75 71 100 95 90 100 100 92
25 2140615035 罗家敏 21应电（专） 100 100 100 100 100 100 100 100 100 100 100 100 100 100
26 2140615036 曾福 21应电（专） 95 100 100 67 100 60 71 100 0 85 80 90 100 85
27 2140615037 谭富蓉 21应电（专） 99 100 100 100 67 60 100 71 100 100 100 100 100 96
28 2140615038 蒙嘉强 21应电（专） 100 80 100 60 60 60 75 60 100 84 79 89 100 84
29 2140615039 梁保江 21应电（专） 100 100 100 100 100 100 100 100 100 99 98 100 100 100
30 2140615040 陆舒琴 21应电（专） 100 100 100 100 67 100 100 100 100 95 90 100 100 96
31 2140615041 王邦官 21应电（专） 100 100 100 73 60 67 75 86 100 92 87 97 100 91
32 2140615042 杨成兄 21应电（专） 85 100 100 64 100 100 100 0 0 96 92 100 100 87
33 2140615044 覃彩娜 21应电（专） 100 100 100 73 60 100 100 86 100 95 90 100 100 94
34 2140615045 罗香华 21应电（专） 100 100 100 100 67 100 100 60 100 98 96 100 100 96
35 2140615046 黄仁敢 21应电（专） 94 100 100 91 60 100 100 100 100 93 88 98 100 95
36 2140615047 蒙汉鹏 21应电（专） 90 90 64 100 100 100 100 100 0 91 86 96 100 90
37 2140615049 张玉康 21应电（专） 95 60 100 100 67 100 100 100 100 96 92 100 100 95
38 2140615050 庞煜光 21应电（专） 100 100 100 100 100 100 100 100 100 98 96 100 100 99
39 2141327042 江金璐 21应电（专） 100 100 100 73 60 100 60 100 100 97 94 100 100 94
