序号 学号 姓名 班级 课程作业（70%） 课程表现（20%） 课堂考勤（10%） 成绩
1 2030520019 曾哲恒 20土木工程1 100 98 100 100 100 100 100 100 100 81 76 86 100 96
2 2130726063 谭贵育 21数据1 90 100 100 100 40 100 100 100 100 74 69 79 100 89
3 2130823001 曾勇 21数据1 80 100 100 100 100 100 90 100 100 80 75 85 100 94
4 2130823002 管庆胜 21数据1 99 100 100 100 100 80 100 100 100 78 73 83 100 94
5 2130823003 何建壮 21数据1 80 100 80 100 100 100 0 0 0 69 64 74 100 67
6 2130823004 钟琴凤 21数据1 100 100 100 100 100 100 100 100 100 99 98 100 100 100
7 2130823005 孙高婷 21数据1 100 95 100 100 100 100 100 100 100 98 96 100 100 99
8 2130823006 王作杰 21数据1 80 100 100 95 100 100 95 0 100 88 83 93 100 88
9 2130823007 朱俊琏 21数据1 100 80 90 100 100 100 100 99 100 100 100 100 100 98
10 2130823008 黄祖纯 21数据1 100 95 100 80 100 100 95 100 100 89 84 94 100 96
11 2130823009 黎锦娴 21数据1 80 95 80 100 60 100 100 100 100 84 79 89 100 91
12 2130823010 程燊梅 21数据1 80 80 95 99 100 100 100 100 100 100 100 100 100 97
13 2130823011 温舒婷 21数据1 90 100 100 100 100 100 100 100 0 90 85 95 100 90
14 2130823012 崔德培 21数据1 100 74 100 100 100 100 100 100 100 71 66 76 100 92
15 2130823013 黄子明 21数据1 80 88 100 100 100 100 90 100 0 71 66 76 100 83
16 2130823014 刘方媛 21数据1 100 100 95 100 100 100 0 0 0 71 66 76 100 70
17 2130823015 林宝胜 21数据1 100 100 90 100 100 100 90 100 100 95 90 100 100 98
18 2130823016 陈东成 21数据1 100 100 100 100 100 100 100 100 0 78 73 83 100 88
19 2130823017 黄敏芳 21数据1 70 100 100 100 100 100 100 100 100 96 92 100 100 97
20 2130823018 兰羽柔 21数据1 80 99 100 100 100 100 100 100 100 92 87 97 100 97
21 2130823019 黄璇 21数据1 100 100 100 100 100 100 100 100 100 100 100 100 100 100
22 2130823020 林恩宇 21数据1 60 100 100 100 100 100 95 100 100 95 90 100 100 96
23 2130823021 赖钰忠 21数据1 100 95 100 100 100 97 100 100 100 91 86 96 100 98
24 2130823022 黄文琦 21数据1 100 100 100 100 100 100 100 100 100 99 98 100 100 100
25 2130823023 陈柔欣 21数据1 100 100 100 100 100 100 100 100 100 87 82 92 100 97
26 2130823024 潘丽珍 21数据1 100 100 100 100 100 100 100 0 0 71 66 76 100 79
27 2130823025 杨丽琳 21数据1 100 100 100 100 100 100 90 100 100 100 100 100 100 99
28 2130823026 黎娜 21数据1 90 90 100 100 100 100 90 100 100 100 100 100 100 98
29 2130823027 杨超 21数据1 80 100 100 100 100 100 100 100 100 71 66 76 100 93
30 2130823028 梁雪伶 21数据1 100 100 100 100 100 100 98 100 100 98 96 100 100 100
31 2130823029 甘英美 21数据1 100 100 100 100 100 100 90 100 100 96 92 100 100 99
32 2130823030 黄钰婷 21数据1 95 100 100 100 100 100 100 100 100 99 98 100 100 99
33 2130823031 梁婉婷 21数据1 100 95 100 90 100 100 100 100 100 96 92 100 100 98
34 2130823032 陈航源 21数据1 100 90 100 100 100 80 100 100 100 77 72 82 100 93
35 2130823033 关耀华 21数据1 100 100 100 100 100 100 100 100 100 71 66 76 100 94
36 2130823034 黄莫靖 21数据1 80 100 100 100 100 100 90 100 100 87 82 92 100 95
37 2130823035 韦秀 21数据1 100 95 100 100 100 100 100 100 100 95 90 100 100 98
38 2130823036 石雨欣 21数据1 100 99 100 100 100 100 100 100 100 72 67 77 100 94
39 2130823037 农舒淇 21数据1 100 100 100 100 100 100 100 100 100 78 73 83 100 96
40 2130823038 薛清玉 21数据1 100 100 100 100 100 100 100 100 100 98 96 100 100 100
41 2130823039 杨紫恒 21数据1 100 95 99 100 100 100 100 100 100 74 69 79 100 94
42 2130823040 马欣宇 21数据1 99 100 100 100 100 100 100 100 100 82 77 87 100 96
43 2130823041 钟月葵 21数据1 100 100 100 100 100 100 100 100 100 93 88 98 100 99
44 2130823042 许崇志 21数据1 80 100 100 100 100 100 100 100 100 71 66 76 100 93
45 2130823043 谭慧琳 21数据1 80 78 100 100 100 100 100 100 100 100 100 100 100 97
46 2130823044 张婷玉 21数据1 100 80 100 100 100 100 100 100 100 87 82 92 100 96
47 2130823045 王荣旺 21数据1 100 99 100 100 100 100 100 100 100 71 66 76 100 94
48 2130823046 磨朗 21数据1 100 80 100 100 100 100 93 100 100 79 74 84 100 94
49 2131026046 贾爽爽 21数据1 100 100 100 95 100 100 100 100 100 83 78 88 100 96
1 1811111004 王士语 21数据2 100 59 100 100 100 100 95 100 100 98 96 100 100 96
2 2130724022 农艳莹 21数据2 100 100 100 100 100 100 100 100 100 100 100 100 100 100
3 2130724028 卢月艳 21数据2 100 100 100 100 100 100 100 100 100 72 67 77 100 94
4 2130823047 张桂英 21数据2 100 95 100 100 100 100 90 98 100 100 100 100 97 98
5 2130823048 陈麓伊 21数据2 80 100 100 100 100 100 100 100 100 100 100 100 100 99
6 2130823049 唐欣欣 21数据2 100 99 100 100 100 100 95 100 100 92 87 97 100 98
7 2130823050 伍瑜德 21数据2 100 90 100 82 100 100 100 100 100 91 86 96 100 96
8 2130823051 丘心宇 21数据2 89 100 100 100 100 100 95 100 100 100 100 100 100 99
9 2130823052 黄丹莉 21数据2 90 100 100 100 100 100 100 100 100 100 100 100 100 99
10 2130823053 黄浩文 21数据2 100 100 0 100 0 100 90 0 100 69 64 74 89 69
11 2130823054 骆秋英 21数据2 80 95 100 100 100 100 100 100 100 100 100 100 97 98
12 2130823055 蒋源 21数据2 100 95 99 100 99 98 100 100 100 98 96 100 100 99
13 2130823056 蒙柳琴 21数据2 100 100 100 100 100 100 100 100 100 96 92 100 100 99
14 2130823057 胡志萍 21数据2 90 100 100 100 100 100 100 100 100 72 67 77 100 94
15 2130823058 何炯彩 21数据2 80 94 40 80 0 100 95 95 100 92 87 97 97 81
16 2130823059 韦薇 21数据2 80 89 100 100 100 100 100 100 100 76 71 81 100 93
17 2130823060 刘孔月 21数据2 90 95 100 100 100 100 100 100 100 91 86 96 100 97
18 2130823061 梁婧桦 21数据2 100 100 100 100 100 100 100 99 100 100 100 100 97 100
19 2130823062 李昌荣 21数据2 60 95 100 100 100 100 77 100 100 89 84 94 100 92
20 2130823063 崔霖 21数据2 100 100 100 100 100 100 90 100 100 93 88 98 100 98
21 2130823064 覃松梅 21数据2 80 100 100 80 100 100 0 0 100 84 79 89 100 78
22 2130823065 易绣文 21数据2 100 90 100 100 100 100 100 100 100 100 100 100 97 99
23 2130823066 梁雨婷 21数据2 80 95 100 100 100 100 100 100 100 91 86 96 100 96
24 2130823067 梁展玮 21数据2 100 99 100 100 100 100 95 100 100 86 81 91 100 97
25 2130823068 庞家良 21数据2 100 87 95 100 100 100 100 100 100 85 80 90 100 96
26 2130823069 凌志涛 21数据2 100 56 100 100 100 100 95 100 100 90 85 95 100 95
27 2130823070 郑裕炫 21数据2 70 98 100 99 60 100 60 60 60 84 79 89 100 82
28 2130823073 刘日鹏 21数据2 100 75 100 100 100 100 100 100 100 90 85 95 100 96
29 2130823074 李家欣 21数据2 100 98 80 100 60 100 100 100 100 100 100 100 100 95
30 2130823076 欧纪乾 21数据2 100 95 100 100 100 100 100 100 100 84 79 89 100 96
31 2130823077 胡丽娜 21数据2 100 100 100 100 100 100 100 100 100 98 96 100 100 100
32 2130823078 黄倚绣 21数据2 80 100 100 100 100 100 98 100 100 97 94 100 100 98
33 2130823079 罗德菊 21数据2 100 100 100 100 100 100 100 100 100 98 96 100 100 100
34 2130823080 韦彩英 21数据2 90 95 100 100 100 100 100 0 0 86 81 91 100 80
35 2130823081 张茜茜 21数据2 80 95 100 100 100 100 100 100 100 100 100 100 100 98
36 2130823082 黄丽宁 21数据2 80 100 80 80 100 100 100 100 100 98 96 100 100 95
37 2130823083 黄天宇 21数据2 100 51 100 100 100 100 0 100 0 71 66 76 100 75
38 2130823084 邹海明 21数据2 100 90 100 100 100 100 100 100 98 100 100 100 100 99
39 2130823085 李荣健 21数据2 100 57 100 100 60 100 100 100 100 71 66 76 100 88
40 2130823086 罗光鑫 21数据2 100 100 100 100 100 100 100 100 0 79 74 84 100 88
41 2130823087 黄佳 21数据2 80 94 100 100 100 100 100 100 100 100 100 100 100 98
42 2130823088 吕斌荣 21数据2 100 100 90 90 60 100 100 100 100 87 82 92 100 93
43 2130823089 罗嘉明 21数据2 70 89 99 100 100 100 100 100 100 83 78 88 100 93
44 2130823090 黎晓 21数据2 100 100 100 100 100 100 100 100 100 100 100 100 97 100
45 2130823091 慕小玉 21数据2 100 95 99 100 80 100 100 100 100 96 92 100 97 97
