1 2030520019 曾哲恒 20土木工程1 96 51 65
2 2130726063 谭贵育 21数据1 89 73 78
3 2130823001 曾勇 21数据1 94 62 72
4 2130823002 管庆胜 21数据1 94 56 67
5 2130823003 何建壮 21数据1 67 33 43
6 2130823004 钟琴凤 21数据1 100 53 67
7 2130823005 孙高婷 21数据1 99 85 89
8 2130823006 王作杰 21数据1 88 87 87
9 2130823007 朱俊琏 21数据1 98 58 70
10 2130823008 黄祖纯 21数据1 96 73 80
11 2130823009 黎锦娴 21数据1 91 45 59
12 2130823010 程燊梅 21数据1 97 95 96
13 2130823011 温舒婷 21数据1 90 73 78
14 2130823012 崔德培 21数据1 92 77 82
15 2130823013 黄子明 21数据1 83 35 49
16 2130823014 刘方媛 21数据1 70 38 48
17 2130823015 林宝胜 21数据1 98 67 76
18 2130823016 陈东成 21数据1 88 65 72
19 2130823017 黄敏芳 21数据1 97 55 68
20 2130823018 兰羽柔 21数据1 97 83 87
21 2130823019 黄璇 21数据1 100 95 97
22 2130823020 林恩宇 21数据1 96 58 69
23 2130823021 赖钰忠 21数据1 98 97 97
24 2130823022 黄文琦 21数据1 100 64 75
25 2130823023 陈柔欣 21数据1 97 88 91
26 2130823024 潘丽珍 21数据1 79 30 45
27 2130823025 杨丽琳 21数据1 99 41 58
28 2130823026 黎娜 21数据1 98 53 67
29 2130823027 杨超 21数据1 93 41 57
30 2130823028 梁雪伶 21数据1 100 35 55
31 2130823029 甘英美 21数据1 99 37 56
32 2130823030 黄钰婷 21数据1 99 67 77
33 2130823031 梁婉婷 21数据1 98 25 47
34 2130823032 陈航源 21数据1 93 67 75
35 2130823033 关耀华 21数据1 94 52 65
36 2130823034 黄莫靖 21数据1 95 68 76
37 2130823035 韦秀 21数据1 98 72 80
38 2130823036 石雨欣 21数据1 94 34 52
39 2130823037 农舒淇 21数据1 96 52 65
40 2130823038 薛清玉 21数据1 100 78 85
41 2130823039 杨紫恒 21数据1 94 74 80
42 2130823040 马欣宇 21数据1 96 93 94
43 2130823041 钟月葵 21数据1 99 72 80
44 2130823042 许崇志 21数据1 93 30 49
45 2130823043 谭慧琳 21数据1 97 76 82
46 2130823044 张婷玉 21数据1 96 43 59
47 2130823045 王荣旺 21数据1 94 94 94
48 2130823046 磨朗 21数据1 94 52 65
49 2131026046 贾爽爽 21数据1 96 64 74
50 1811111004 王士语 21数据2 96 80 85
51 2130724022 农艳莹 21数据2 100 65 76
52 2130724028 卢月艳 21数据2 94 38 55
53 2130823047 张桂英 21数据2 98 62 73
54 2130823048 陈麓伊 21数据2 99 69 78
55 2130823049 唐欣欣 21数据2 98 73 81
56 2130823050 伍瑜德 21数据2 96 100 99
57 2130823051 丘心宇 21数据2 99 82 87
58 2130823052 黄丹莉 21数据2 99 92 94
59 2130823053 黄浩文 21数据2 69 22 36
60 2130823054 骆秋英 21数据2 98 81 86
61 2130823055 蒋源 21数据2 99 74 82
62 2130823056 蒙柳琴 21数据2 99 25 47
63 2130823057 胡志萍 21数据2 94 38 55
64 2130823058 何炯彩 21数据2 81 40 52
65 2130823059 韦薇 21数据2 93 22 43
66 2130823060 刘孔月 21数据2 97 50 64
67 2130823061 梁婧桦 21数据2 100 64 75
68 2130823062 李昌荣 21数据2 92 78 82
69 2130823063 崔霖 21数据2 98 81 86
70 2130823064 覃松梅 21数据2 78 31 45
71 2130823065 易绣文 21数据2 99 75 82
72 2130823066 梁雨婷 21数据2 96 50 64
73 2130823067 梁展玮 21数据2 97 26 47
74 2130823068 庞家良 21数据2 96 87 90
75 2130823069 凌志涛 21数据2 95 50 64
76 2130823070 郑裕炫 21数据2 82 50 60
77 2130823073 刘日鹏 21数据2 96 48 62
78 2130823074 李家欣 21数据2 95 69 77
79 2130823076 欧纪乾 21数据2 96 34 53
80 2130823077 胡丽娜 21数据2 100 69 78
81 2130823078 黄倚绣 21数据2 98 67 76
82 2130823079 罗德菊 21数据2 100 67 77
83 2130823080 韦彩英 21数据2 80 92 88
84 2130823081 张茜茜 21数据2 98 96 97
85 2130823082 黄丽宁 21数据2 95 76 82
86 2130823083 黄天宇 21数据2 75 40 51
87 2130823084 邹海明 21数据2 99 86 90
88 2130823085 李荣健 21数据2 88 57 66
89 2130823086 罗光鑫 21数据2 88 71 76
90 2130823087 黄佳 21数据2 98 69 78
91 2130823088 吕斌荣 21数据2 93 87 89
92 2130823089 罗嘉明 21数据2 93 79 83
93 2130823090 黎晓 21数据2 100 61 73
94 2130823091 慕小玉 21数据2 97 42 59
