1 2130619001 王源娇 21机械1 100 81 87
2 2130619002 符雅健 21机械1 95 40 57
3 2130619003 罗林跃 21机械1 96 51 65
4 2130619004 黄先科 21机械1 94 15 39
5 2130619005 李俊凯 21机械1 100 77 84
6 2130619006 符佳伟 21机械1 96 34 53
7 2130619007 赵永胜 21机械1 84 14 35
8 2130619008 陈莲 21机械1 99 61 72
9 2130619009 霍欣萍 21机械1 77 16 34
10 2130619010 吴国安 21机械1 75 65 68
11 2130619011 黄晨宇 21机械1 94 63 72
12 2130619012 卢兵华 21机械1 98 63 74
13 2130619013 李镁欣 21机械1 96 48 62
14 2130619014 杨文源 21机械1 99 95 96
15 2130619015 邹林华 21机械1 75 26 41
16 2130619016 陈利鸿 21机械1 64 35 44
17 2130619017 梁虔宁 21机械1 95 76 82
18 2130619018 韦厚宇 21机械1 93 84 87
19 2130619019 利进礼 21机械1 72 24 38
20 2130619020 黄支雯 21机械1 95 77 82
21 2130619021 黄昌桔 21机械1 100 65 76
22 2130619022 黄琦荃 21机械1 97 60 71
23 2130619024 王桂兵 21机械1 99 30 51
24 2130619025 高奕广 21机械1 96 30 50
25 2130619026 黄文定 21机械1 80 54 62
26 2130619027 韦军誉 21机械1 93 65 73
27 2130619028 黄玉娇 21机械1 94 39 56
28 2130619029 玉胜金 21机械1 66 67 67
29 2130619030 杨大旺 21机械1 92 75 80
30 2130619031 黄炜荣 21机械1 100 84 89
31 2130619032 王承钧 21机械1 94 62 72
32 2130619033 浦槠丹 21机械1 95 84 87
33 2130619034 丘海芹 21机械1 90 85 87
34 2130619035 蓝世胜 21机械1 81 42 54
35 2130619036 李君豪 21机械1 99 30 51
36 2130619038 李英杰 21机械1 100 75 83
37 2130619039 官淋 21机械1 97 89 91
38 2130619040 戴广南 21机械1 90 52 63
39 2130619041 曾茂 21机械1 94 45 60
40 2130619042 韦凤杭 21机械1 97 26 47
41 2130619043 邹绍兵 21机械1 98 61 72
42 2130619044 张国钰 21机械1 82 54 62
43 2130619045 农益林 21机械1 100 65 76
44 2130619091 卢泽宇 21机械1 85 23 42
45 2130619046 王雨倩 21机械2 99 42 59
46 2130619047 韦邦苗 21机械2 97 33 52
47 2130619048 赵达勇 21机械2 99 59 71
48 2130619049 农凤燕 21机械2 98 43 60
49 2130619050 何涛 21机械2 99 73 81
50 2130619051 赵雅楠 21机械2 23 0 7
51 2130619052 路帆 21机械2 95 83 87
52 2130619053 庞力 21机械2 95 37 54
53 2130619055 卓声雷 21机械2 92 66 74
54 2130619056 吴逸凡 21机械2 95 50 64
55 2130619057 谢秀凡 21机械2 100 76 83
56 2130619058 赖崇双 21机械2 68 69 69
57 2130619059 胡建丽 21机械2 100 67 77
58 2130619060 陆世乐 21机械2 91 94 93
59 2130619061 李德永 21机械2 95 67 75
60 2130619062 甘夏 21机械2 100 93 95
61 2130619064 裴润友 21机械2 95 45 60
62 2130619065 陈大龙 21机械2 99 85 89
63 2130619066 刘好 21机械2 82 30 46
64 2130619067 卢庆 21机械2 97 60 71
65 2130619068 陈中煌 21机械2 98 95 96
66 2130619069 徐菊华 21机械2 97 42 59
67 2130619070 胡广泽 21机械2 98 52 66
68 2130619071 何柏陆 21机械2 98 38 56
69 2130619072 丘丝雨 21机械2 95 29 49
70 2130619073 王麟 21机械2 99 65 75
71 2130619074 谢磊 21机械2 95 68 76
72 2130619075 黎灿荣 21机械2 100 51 66
73 2130619076 陆航彬 21机械2 95 87 89
74 2130619077 张莉 21机械2 91 72 78
75 2130619078 谭钰周 21机械2 94 48 62
76 2130619079 梁振耀 21机械2 95 94 94
77 2130619080 赵春滨 21机械2 93 25 45
78 2130619081 陈俊昊 21机械2 96 69 77
79 2130619082 梁任福 21机械2 93 76 81
80 2130619083 冯国文 21机械2 96 61 72
81 2130619084 吴金宇 21机械2 98 80 85
82 2130619085 谭鑫懿 21机械2 86 23 42
83 2130619086 张贵亮 21机械2 93 39 55
84 2130619087 陈礼聪 21机械2 95 78 83
85 2130619088 刘德固 21机械2 80 37 50
86 2130619089 庾立钻 21机械2 93 82 85
87 2130619090 陆冰 21机械2 89 43 57
