1 2140615002 梁裕杰 21应电（专） 96 74 81
2 2140615003 宋鹏飞 21应电（专） 82 55 63
3 2140615005 吴康玲 21应电（专） 91 58 68
4 2140615006 方炼金 21应电（专） 94 71 78
5 2140615007 李绘 21应电（专） 97 77 83
6 2140615009 康岳良 21应电（专） 78 71 73
7 2140615010 潘田甜 21应电（专） 97 72 80
8 2140615011 吴健楠 21应电（专） 94 67 75
9 2140615012 胡雅婷 21应电（专） 99 77 84
10 2140615014 黄勇斌 21应电（专） 93 75 80
11 2140615015 莫福柑 21应电（专） 93 78 83
12 2140615016 吴金萍 21应电（专） 94 70 77
13 2140615017 黎俊豪 21应电（专） 94 55 67
14 2140615018 梁灿金 21应电（专） 96 71 79
15 2140615020 陈汉达 21应电（专） 97 79 84
16 2140615022 李大卫 21应电（专） 92 49 62
17 2140615024 冯铭 21应电（专） 96 77 83
18 2140615027 李丰原 21应电（专） 99 75 82
19 2140615028 周诗淇 21应电（专） 97 65 75
20 2140615030 吴创瀮 21应电（专） 92 79 83
21 2140615031 刘伟清 21应电（专） 96 79 84
22 2140615032 冯自吉 21应电（专） 99 77 84
23 2140615033 冯自俊 21应电（专） 94 72 79
24 2140615034 黄子茵 21应电（专） 92 68 75
25 2140615035 罗家敏 21应电（专） 100 83 88
26 2140615036 曾福 21应电（专） 85 52 62
27 2140615037 谭富蓉 21应电（专） 96 87 90
28 2140615038 蒙嘉强 21应电（专） 84 84 84
29 2140615039 梁保江 21应电（专） 100 85 90
30 2140615040 陆舒琴 21应电（专） 96 74 81
31 2140615041 王邦官 21应电（专） 91 84 86
32 2140615042 杨成兄 21应电（专） 87 78 81
33 2140615044 覃彩娜 21应电（专） 94 72 79
34 2140615045 罗香华 21应电（专） 96 77 83
35 2140615046 黄仁敢 21应电（专） 95 50 64
36 2140615047 蒙汉鹏 21应电（专） 90 75 80
37 2140615049 张玉康 21应电（专） 95 81 85
38 2140615050 庞煜光 21应电（专） 99 72 80
39 2141327042 江金璐 21应电（专） 94 79 84
