1 2130621001 胡珑剑 21制造1 82 35 49
2 2130621002 秦泽锋 21制造1 96 64 74
3 2130621003 周帅 21制造1 69 42 50
4 2130621004 陆婉君 21制造1 98 37 55
5 2130621005 赵明杰 21制造1 87 45 58
6 2130621006 郭泉鑫 21制造1 98 44 60
7 2130621007 王金龙 21制造1 93 11 36
8 2130621008 高子翔 21制造1 75 19 36
9 2130621009 许高铭 21制造1 93 39 55
10 2130621010 黄俊鹏 21制造1 92 56 67
11 2130621011 叶锦攀 21制造1 98 61 72
12 2130621012 余鑫 21制造1 96 42 58
13 2130621013 韦晓梅 21制造1 99 58 70
14 2130621014 蒋膑德 21制造1 88 67 73
15 2130621015 何倩 21制造1 96 66 75
16 2130621016 杨新锋 21制造1 69 23 37
17 2130621017 龙琪 21制造1 94 41 57
18 2130621018 唐立昊 21制造1 86 46 58
19 2130621019 盘娟 21制造1 99 88 91
20 2130621020 蒋传玉 21制造1 95 68 76
21 2130621021 朱小榕 21制造1 100 65 76
22 2130621022 陈晓淋 21制造1 97 50 64
23 2130621023 李海清 21制造1 100 57 70
24 2130621024 蔡晓梅 21制造1 93 61 71
25 2130621025 吴晓莲 21制造1 99 58 70
26 2130621026 黄见贤 21制造1 93 54 66
27 2130621027 黄达轩 21制造1 94 53 65
28 2130621029 张春艳 21制造1 99 35 54
29 2130621030 谢廷楷 21制造1 92 24 44
30 2130621031 梁臣培 21制造1 87 30 47
31 2130621032 何瑶 21制造1 97 31 51
32 2130621033 周敏姨 21制造1 95 35 53
33 2130621034 李雯 21制造1 100 91 94
34 2130621035 覃德荣 21制造1 92 48 61
35 2130621036 马顺栋 21制造1 97 78 84
36 2130621037 廖家豪 21制造1 95 66 75
37 2130621038 张兰芳 21制造1 96 60 71
38 2130621039 陈安琪 21制造1 86 37 52
39 2130621040 赵茗智 21制造1 94 28 48
40 2130621041 农晓琪 21制造1 99 52 66
41 2130621042 黄善洲 21制造1 91 81 84
42 2130621043 韦莎 21制造1 96 66 75
43 2130621044 廖庆游 21制造1 99 30 51
44 2130621045 贺子杭 21制造1 94 89 91
45 2130621046 燕梓 21制造1 99 95 96
46 2130621047 邓钧涛 21制造1 93 41 57
47 2130621048 周骏捷 21制造2 99 58 70
48 2130621049 何利豪 21制造2 81 77 78
49 2130621050 罗柳连 21制造2 100 93 95
50 2130621051 张景宇 21制造2 99 63 74
51 2130621052 岳福军 21制造2 98 62 73
52 2130621054 韦丽明 21制造2 99 49 64
53 2130621055 蒋荣丽 21制造2 96 78 83
54 2130621056 林利红 21制造2 100 41 59
55 2130621057 申磊 21制造2 98 40 57
56 2130621058 廖颖洁 21制造2 100 46 62
57 2130621059 李倩 21制造2 99 73 81
58 2130621060 车增海 21制造2 98 65 75
59 2130621062 易钰婷 21制造2 100 95 97
60 2130621063 程石柳 21制造2 100 88 92
61 2130621064 黄国富 21制造2 95 68 76
62 2130621065 许天禧 21制造2 88 45 58
63 2130621066 张健榕 21制造2 93 61 71
64 2130621068 潘志恒 21制造2 96 79 84
65 2130621069 杨桂艳 21制造2 98 92 94
66 2130621070 张庭瑀 21制造2 94 64 73
67 2130621071 黎孔带 21制造2 100 75 83
68 2130621072 赵德海 21制造2 98 90 92
69 2130621073 苏北华 21制造2 99 79 85
70 2130621075 黎容春 21制造2 95 86 89
71 2130621076 刘和运 21制造2 95 36 54
72 2130621077 容彬焯 21制造2 87 33 49
73 2130621078 黎雨婷 21制造2 91 55 66
74 2130621079 张家辉 21制造2 93 59 69
75 2130621080 陈生荣 21制造2 97 69 77
76 2130621081 陈炳璋 21制造2 94 48 62
77 2130621082 罗冬萍 21制造2 100 34 54
78 2130621083 黄明麒 21制造2 92 32 50
79 2130621084 贺忠敏 21制造2 100 86 90
80 2130621085 吴艳芳 21制造2 100 95 97
81 2130621086 韦丹 21制造2 93 74 80
82 2130621087 黄宏雅 21制造2 99 65 75
83 2130621088 何玉玲 21制造2 98 64 74
84 2130621089 韦武崇 21制造2 89 56 66
85 2130621090 辛佳缘 21制造2 100 94 96
86 2130621091 范晓庆 21制造2 99 70 79
87 2130621092 陈晋杰 21制造2 71 20 35
88 2130621093 吴楠 21制造2 99 86 90
